	t	Vhall	err_Vhall	I_fuente	B	err_B	Vdiodo	err_Vdiodo	frec_TTL
0	1744665404.9115803	0.712182648	0.001	0.0	3.1783548902745693	0.0061510808784069615	0.016077799999999996	0	600
1	1744665405.2328773	0.712242407	0.001	0.002	3.1786137236376075	0.006151340285416871	0.016066499999999997	0	600
2	1744665405.5574477	0.712194995	0.001	0.004	3.1784083686716884	0.006151134474439764	0.016083399999999998	0	600
3	1744665405.9445868	0.712520607	0.001	0.007	3.1798186876028223	0.006152548062402137	0.0161924	0	600
4	1744665406.3465405	0.712488497	0.001	0.009	3.1796796099862767	0.006152408648132717	0.016248199999999997	0	600
5	1744665406.7494242	0.712634438	0.001	0.011	3.1803117223013286	0.006153042315709487	0.0162757	0	600
6	1744665407.1522048	0.712610425	0.001	0.013	3.180207715113346	0.006152938048185558	0.0161811	0	600
7	1744665407.5528266	0.712552066	0.001	0.015	3.179954945551714	0.006152684653207917	0.016225000000000003	0	600
8	1744665407.9566016	0.7127518	0.001	0.017	3.180820050773239	0.006153551941682659	0.016309300000000002	0	600
9	1744665408.3583727	0.712840006	0.001	0.02	3.1812020962495713	0.006153934989778732	0.0162624	0	600
10	1744665408.761066	0.713037594	0.001	0.022	3.1820579065297974	0.006154793131477472	0.01627	0	600
11	1744665409.1642153	0.712995081	0.001	0.024	3.181873770537514	0.006154608483880166	0.0163045	0	600
12	1744665409.5660543	0.713069813	0.001	0.026	3.1821974562565956	0.0061549330725737955	0.0163259	0	600
13	1744665409.9680848	0.71325259	0.001	0.028	3.1829891158492267	0.006155727011839623	0.0163711	0	600
14	1744665410.372517	0.71325474	0.001	0.031	3.1829984281156727	0.006155736351523211	0.016330400000000002	0	600
15	1744665410.7736695	0.713285367	0.001	0.033	3.183131082434014	0.006155869397920194	0.0163052	0	600
16	1744665411.1767795	0.713628965	0.001	0.035	3.1846193038880752	0.006157362212443597	0.0163463	0	600
17	1744665411.5787525	0.713574764	0.001	0.037	3.184384543816621	0.006157126704125054	0.016398100000000002	0	600
18	1744665411.981635	0.713781128	0.001	0.039	3.1852783654690926	0.006158023422092776	0.0163405	0	600
19	1744665412.3844273	0.713807161	0.001	0.042	3.185391121856247	0.0061581365529939334	0.0163496	0	600
20	1744665412.7859151	0.713672163	0.001	0.044	3.184806406811761	0.006157549918076054	0.0163448	0	600
21	1744665413.1882658	0.713901044	0.001	0.046	3.1857977560472834	0.006158544554804151	0.0163538	0	600
22	1744665413.5949614	0.714001888	0.001	0.048	3.18623454032517	0.00615898283776332	0.0163878	0	600
23	1744665414.0063865	0.714048189	0.001	0.05	3.1864350832315447	0.006159184079054957	0.0163632	0	600
24	1744665414.3961592	0.713950178	0.001	0.052	3.186010569488933	0.006158758094607928	0.0163918	0	600
25	1744665414.7981741	0.713942096	0.001	0.052	3.18597556402967	0.006158722969169036	0.0163366	0	600
26	1744665415.2011046	0.713963299	0.001	0.05	3.1860674003019724	0.006158815120626159	0.016356699999999995	0	600
27	1744665415.6040983	0.713878943	0.001	0.048	3.185702030279508	0.00615844850468875	0.0163516	0	600
28	1744665416.0061457	0.713963907	0.001	0.046	3.1860700337242975	0.006158817763106495	0.016359400000000003	0	600
29	1744665416.4083273	0.713738211	0.001	0.044	3.185092479636975	0.006157836923321918	0.016349400000000004	0	600
30	1744665416.812337	0.713726544	0.001	0.042	3.185041946514825	0.006157786224534349	0.016350499999999997	0	600
31	1744665417.2145562	0.713627789	0.001	0.04	3.184614210294894	0.006157357102521445	0.0163421	0	600
32	1744665417.6161482	0.713612618	0.001	0.037	3.1845485003440808	0.006157291182293369	0.016379	0	600
33	1744665418.0203753	0.713679818	0.001	0.035	3.184839562811595	0.00615758318146853	0.016394600000000002	0	600
34	1744665418.4208522	0.713478151	0.001	0.033	3.1839660852128424	0.006156706933797782	0.016355500000000002	0	600
35	1744665418.8247762	0.713362801	0.001	0.031	3.1834664712898104	0.006156205790719632	0.016385399999999998	0	600
36	1744665419.2261138	0.713294905	0.001	0.029	3.18317239424674	0.006155910832415219	0.0163412	0	600
37	1744665419.629034	0.713246117	0.001	0.027	3.182961079430295	0.006155698892960385	0.0162743	0	600
38	1744665420.0321875	0.713252228	0.001	0.025	3.1829875479234344	0.006155725439298924	0.016373699999999998	0	600
39	1744665420.433586	0.713067628	0.001	0.022	3.182187992395115	0.006154923582071463	0.01633	0	600
40	1744665420.8367364	0.712980156	0.001	0.02	3.1818091260832335	0.006154543661114433	0.016315999999999997	0	600
41	1744665421.2408364	0.713037276	0.001	0.018	3.182056529180621	0.006154791750281151	0.0163016	0	600
42	1744665421.6414359	0.71299164	0.001	0.016	3.1818588665799146	0.006154593538752568	0.0163118	0	600
43	1744665422.044132	0.712766237	0.001	0.014	3.1808825815596005	0.006153614634959111	0.0163144	0	600
44	1744665422.4484806	0.712671976	0.001	0.012	3.1804743101421846	0.006153205314016097	0.016228	0	600
45	1744665422.848765	0.712617418	0.001	0.01	3.180238003801372	0.006152968412507649	0.0162358	0	600
46	1744665423.252463	0.7125966	0.001	0.007	3.1801478350744565	0.006152878019055756	0.0162447	0	600
47	1744665423.6572087	0.712586302	0.001	0.005	3.1801032314838245	0.0061528333047861615	0.0162521	0	600
48	1744665424.0580676	0.712539163	0.001	0.003	3.179899058959179	0.006152628629730492	0.016094199999999996	0	600
49	1744665424.4605954	0.712347225	0.001	0.001	3.179067720448916	0.006151795314557528	0.0161135	0	600
50	1744665424.8670554	0.712341409	0.001	-0.001	3.179042529685358	0.006151770065640864	0.0160715	0	600
51	1744665425.2645102	0.712252728	0.001	-0.003	3.178658426847834	0.006151385088798204	0.0161036	0	600
52	1744665425.6686466	0.712031403	0.001	-0.005	3.17769980481476	0.006150424389475303	0.015943699999999998	0	600
53	1744665426.0689518	0.711816272	0.001	-0.007	3.1767680107716236	0.006149490718656938	0.015931300000000002	0	600
54	1744665426.4717574	0.711839277	0.001	-0.01	3.1768676520225934	0.006149590553896493	0.0159171	0	600
55	1744665426.8740098	0.711915694	0.001	-0.012	3.177198635959796	0.006149922193741414	0.015932099999999998	0	600
56	1744665427.2759624	0.711913156	0.001	-0.014	3.1771876431541037	0.00614991117886697	0.0159098	0	600
57	1744665427.6796446	0.711629363	0.001	-0.016	3.1759584543022696	0.006148679645614813	0.0150436	0	600
58	1744665428.0819497	0.711524213	0.001	-0.018	3.175503019503771	0.006148223404237865	0.0149723	0	600
59	1744665428.484444	0.711577698	0.001	-0.02	3.1757346783739346	0.006148455469183397	0.015002400000000003	0	600
60	1744665428.8882551	0.711554789	0.001	-0.022	3.17563545292649	0.006148356068740191	0.014973299999999998	0	600
61	1744665429.2897172	0.711245268	0.001	-0.025	3.1742948287299506	0.006147013236409932	0.014929300000000001	0	600
62	1744665429.6918144	0.711118155	0.001	-0.027	3.1737442658812434	0.00614646185102348	0.0149035	0	600
63	1744665430.0954037	0.711091566	0.001	-0.029	3.173629101298673	0.006146346520594322	0.014911000000000002	0	600
64	1744665430.4970598	0.711121914	0.001	-0.031	3.17376054718802	0.006146478155950015	0.014929300000000001	0	600
65	1744665430.9002028	0.711026635	0.001	-0.033	3.173347866520724	0.0061460648898440965	0.0149434	0	600
66	1744665431.3014164	0.710814646	0.001	-0.035	3.1724296813804584	0.006145145501135677	0.014871200000000001	0	600
67	1744665431.7045207	0.710641429	0.001	-0.037	3.1716794288888606	0.006144394366641102	0.014863399999999999	0	600
68	1744665432.1076996	0.710744938	0.001	-0.04	3.1721277560458536	0.006144843209883824	0.0148559	0	600
69	1744665432.5096328	0.710631701	0.001	-0.042	3.171637294131658	0.006144352185056247	0.014893800000000002	0	600
70	1744665432.9112144	0.710637748	0.001	-0.044	3.171663485422448	0.0061443784054216145	0.014874899999999996	0	600
71	1744665433.3157666	0.710396513	0.001	-0.046	3.1706186274707995	0.006143332473889666	0.014843400000000001	0	600
72	1744665433.7181888	0.710306452	0.001	-0.048	3.170228547457603	0.0061429420384692835	0.014834700000000001	0	600
73	1744665434.1216168	0.710276525	0.001	-0.05	3.1700989250399654	0.0061428123034157085	0.014832699999999999	0	600
74	1744665434.521684	0.710230787	0.001	-0.052	3.1699008206480133	0.00614261403214753	0.014844500000000002	0	600
75	1744665434.9238565	0.710202593	0.001	-0.052	3.169778704350259	0.006142491816156089	0.0148121	0	600
76	1744665435.3279006	0.710221667	0.001	-0.05	3.1698613193131364	0.006142574498299635	0.014823600000000001	0	600
77	1744665435.7319415	0.71025093	0.001	-0.048	3.1699880657563932	0.006142701349963414	0.014812599999999999	0	600
78	1744665436.1322746	0.710217774	0.001	-0.046	3.169844457613939	0.006142557622798913	0.014827900000000001	0	600
79	1744665436.5354373	0.710511009	0.001	-0.044	3.1711145424749736	0.006143828876366161	0.014872400000000003	0	600
80	1744665436.937613	0.710627985	0.001	-0.042	3.171621199070211	0.0061443360721830775	0.014876700000000001	0	600
81	1744665437.33967	0.710522632	0.001	-0.04	3.171164885020508	0.006143879270627337	0.014846500000000002	0	600
82	1744665437.7416391	0.710541564	0.001	-0.037	3.1712468849406714	0.006143961355663949	0.0148644	0	600
83	1744665438.1451986	0.710511796	0.001	-0.035	3.1711179511976217	0.006143832288577531	0.0147922	0	600
84	1744665438.5477717	0.710843679	0.001	-0.033	3.17255543162777	0.0061452714081439135	0.014927000000000001	0	600
85	1744665438.9495246	0.710893884	0.001	-0.031	3.1727728838774953	0.006145489137518214	0.014871199999999998	0	600
86	1744665439.3526368	0.710851335	0.001	-0.029	3.1725885919588905	0.006145304610239892	0.014919199999999999	0	600
87	1744665439.75585	0.710942752	0.001	-0.027	3.172984545196878	0.006145701075941349	0.0149019	0	600
88	1744665440.1567702	0.710960347	0.001	-0.025	3.1730607541866975	0.006145777386480211	0.01492	0	600
89	1744665440.560024	0.711243747	0.001	-0.022	3.174288240842851	0.006147006638390393	0.015007500000000002	0	600
90	1744665440.9635699	0.711309374	0.001	-0.02	3.1745724901963563	0.006147291331320907	0.014974699999999999	0	600
91	1744665441.3637774	0.711237648	0.001	-0.018	3.174261824325152	0.006146980181313597	0.014989800000000001	0	600
92	1744665441.7674336	0.711381368	0.001	-0.016	3.174884316852401	0.006147603659635884	0.0149387	0	600
93	1744665442.168105	0.711579225	0.001	-0.014	3.1757412922487545	0.006148462094779201	0.015093800000000001	0	600
94	1744665442.571632	0.711751074	0.001	-0.012	3.176485619540121	0.006149207786370733	0.0150375	0	600
95	1744665442.9731545	0.71168046	0.001	-0.01	3.1761797700597483	0.0061489013654412806	0.015059600000000001	0	600
96	1744665443.3766217	0.711746422	0.001	-0.007	3.1764654703943043	0.0061491875991126505	0.0150617	0	600
97	1744665443.7792268	0.711697776	0.001	-0.005	3.1762547706205737	0.006148976504732706	0.015063299999999996	0	600
98	1744665444.1852398	0.711869858	0.001	-0.003	3.1770001071017457	0.006149723269334394	0.015154900000000002	0	600
99	1744665444.585157	0.712111526	0.001	-0.001	3.1780468405005435	0.006150772160019564	0.015162900000000002	0	600
100	1744665444.9878318	0.712114619	0.001	0.001	3.178060237170365	0.006150785585447486	0.0151718	0	600
101	1744665445.3895423	0.712239002	0.001	0.003	3.1785989756063295	0.006151325504408992	0.0151611	0	600
102	1744665445.7919528	0.712506312	0.001	0.005	3.179756771859175	0.006152485996398749	0.015220000000000001	0	600
103	1744665446.1957004	0.712666165	0.001	0.007	3.180449141035061	0.006153180081088392	0.0152671	0	600
104	1744665446.5973885	0.712607088	0.001	0.01	3.180193261609565	0.006152923558642052	0.015241099999999999	0	600
105	1744665446.9997973	0.712606495	0.001	0.012	3.1801906931565402	0.006152920983788135	0.0152893	0	600
106	1744665447.4039893	0.71267799	0.001	0.014	3.1805003585005123	0.00615323142853219	0.0152476	0	600
107	1744665447.8053489	0.712927587	0.001	0.016	3.181581434671705	0.006154315347021915	0.016245100000000002	0	600
108	1744665448.2077048	0.71307657	0.001	0.018	3.1822267227609555	0.0061549624215550365	0.016279000000000002	0	600
109	1744665448.6096215	0.713078309	0.001	0.02	3.18223425486856	0.006154969974911471	0.016269199999999998	0	600
110	1744665449.012242	0.713007856	0.001	0.022	3.1819291027253493	0.0061546639692285484	0.0162407	0	600
111	1744665449.415385	0.713270998	0.001	0.025	3.1830688461751495	0.00615580697735993	0.0162763	0	600
112	1744665449.8174524	0.713388499	0.001	0.027	3.183577776695914	0.0061563174333118895	0.0163183	0	600
113	1744665450.219119	0.713380377	0.001	0.029	3.183542597985183	0.0061562821478156945	0.016304400000000004	0	600
114	1744665450.6237242	0.713376388	0.001	0.031	3.183525320482461	0.006156264817939921	0.016350899999999995	0	600
115	1744665451.024666	0.713403586	0.001	0.033	3.183643122818643	0.006156382978323119	0.0162944	0	600
116	1744665451.4271939	0.713643774	0.001	0.035	3.184683445913097	0.006157426560451985	0.016370100000000002	0	600
117	1744665451.8318756	0.71389406	0.001	0.037	3.1857675063408384	0.006158514202443158	0.016325799999999998	0	600
118	1744665452.2331083	0.713786777	0.001	0.04	3.185302832907768	0.006158047970624715	0.016339399999999997	0	600
119	1744665452.6354542	0.713893354	0.001	0.042	3.1857644484524146	0.006158511134185771	0.0163506	0	600
120	1744665453.037337	0.713746716	0.001	0.044	3.1851293172305195	0.006157873881941319	0.016383200000000004	0	600
121	1744665453.43965	0.713980777	0.001	0.046	3.186143102531246	0.006158891083688726	0.0163542	0	600
122	1744665453.8434818	0.714201111	0.001	0.048	3.187097432259182	0.006159848780692124	0.016356799999999998	0	600
123	1744665454.26272	0.714146441	0.001	0.05	3.186860640814256	0.006159611140074405	0.0163709	0	600
124	1744665454.6491585	0.714183823	0.001	0.052	3.1870225529743843	0.006159773631902452	0.016377700000000002	0	600
