	t	Vhall	err_Vhall	I_fuente	B	err_B	Vdiodo	err_Vdiodo	frec_TTL
0	1744664167.083748	0.735298888	0.001	0.0	3.2784779535788626	0.006252220726252771	0.014331100000000003	0	600
1	1744664167.308945	0.735245017	0.001	0.002	3.2782446228320254	0.006251983202876547	0.014237799999999998	0	600
2	1744664167.7126827	0.735251069	0.001	0.004	3.278270835779249	0.006252009886416236	0.0142619	0	600
3	1744664168.1134424	0.735471459	0.001	0.007	3.27922540805924	0.0062529816678554406	0.014355000000000001	0	600
4	1744664168.5169306	0.735533205	0.001	0.009	3.279492847688989	0.00625325395406391	0.0144869	0	600
5	1744664168.921326	0.735563059	0.001	0.011	3.2796221539226966	0.006253385607549017	0.014472200000000001	0	600
6	1744664169.321189	0.735596622	0.001	0.013	3.2797675248988454	0.006253533620465013	0.014417100000000002	0	600
7	1744664169.7244365	0.735590626	0.001	0.015	3.2797415545036785	0.006253507177851195	0.014401799999999998	0	600
8	1744664170.1263638	0.735693619	0.001	0.017	3.2801876467167244	0.006253961395751665	0.014469599999999999	0	600
9	1744664170.5296173	0.735855727	0.001	0.02	3.2808897829441617	0.006254676383556116	0.014526599999999997	0	600
10	1744664170.933341	0.735881324	0.001	0.022	3.2810006508903067	0.006254789287706001	0.014513499999999999	0	600
11	1744664171.3341632	0.735860366	0.001	0.024	3.280909875783251	0.006254696845280664	0.0145084	0	600
12	1744664171.7366183	0.736054873	0.001	0.026	3.2817523413690957	0.0062555548335759496	0.014526099999999997	0	600
13	1744664172.1420734	0.73620778	0.001	0.028	3.2824146254274313	0.0062562293970006315	0.014546900000000001	0	600
14	1744664172.541766	0.736214304	0.001	0.031	3.2824428827419863	0.006256258179730948	0.0145571	0	600
15	1744664172.947071	0.736256623	0.001	0.033	3.282626178464646	0.006256444886627301	0.014528	0	600
16	1744664173.34936	0.7366384	0.001	0.035	3.28427976411435	0.0062581294790586975	0.014610000000000001	0	600
17	1744664173.7500746	0.736711261	0.001	0.037	3.2845953459959802	0.006258451026183736	0.014591600000000001	0	600
18	1744664174.1575482	0.736694239	0.001	0.039	3.28452161883345	0.006258375904035554	0.0146372	0	600
19	1744664174.5543954	0.736693779	0.001	0.042	3.2845196264415595	0.006258373873957352	0.014557699999999998	0	600
20	1744664174.9572034	0.736717258	0.001	0.044	3.284621320722434	0.006258477492574553	0.0146229	0	600
21	1744664175.3586159	0.736861495	0.001	0.046	3.2852460525249163	0.006259114080838158	0.014595000000000002	0	600
22	1744664175.7625077	0.737049069	0.001	0.048	3.286058489299939	0.006259942025972967	0.014634200000000003	0	600
23	1744664176.1652586	0.736954289	0.001	0.05	3.285647969944716	0.0062595236576867275	0.014595	0	600
24	1744664176.5687988	0.736997169	0.001	0.052	3.2858336955192247	0.006259712931043225	0.014618200000000001	0	600
25	1744664176.968499	0.736923239	0.001	0.052	3.285513483492092	0.006259386605538177	0.014612200000000002	0	600
26	1744664177.37232	0.73693221	0.001	0.05	3.285552339465248	0.006259426202510083	0.014618700000000002	0	600
27	1744664177.7737937	0.736917552	0.001	0.048	3.285488851464521	0.0062593615038880335	0.0145684	0	600
28	1744664178.1763053	0.736944428	0.001	0.046	3.2856052591263802	0.006259480131742461	0.014613699999999999	0	600
29	1744664178.5811226	0.736828648	0.001	0.044	3.285103782750059	0.006258969105734208	0.0146454	0	600
30	1744664178.9820392	0.736709907	0.001	0.042	3.284589481433763	0.006258445050628081	0.014560899999999998	0	600
31	1744664179.3845725	0.736620639	0.001	0.04	3.2842028361309348	0.006258051099271296	0.0146563	0	600
32	1744664179.7870736	0.736612519	0.001	0.037	3.284167666082777	0.006258015265787773	0.014686100000000002	0	600
33	1744664180.1893578	0.736624317	0.001	0.035	3.284218766603487	0.006258067330313118	0.014614699999999998	0	600
34	1744664180.5921898	0.736518539	0.001	0.033	3.2837606117569287	0.006257600546746265	0.0146691	0	600
35	1744664180.994364	0.73640116	0.001	0.031	3.2832522096531442	0.006257082607297755	0.014603199999999997	0	600
36	1744664181.3973005	0.73643579	0.001	0.029	3.283402202112222	0.006257235409406699	0.0145841	0	600
37	1744664181.7980888	0.736475342	0.001	0.027	3.28357351316453	0.006257409933672624	0.014582300000000003	0	600
38	1744664182.201112	0.736411348	0.001	0.025	3.2832963368022368	0.006257127560675387	0.014611599999999999	0	600
39	1744664182.606141	0.73618889	0.001	0.022	3.2823328074213105	0.006256146058364321	0.014582999999999999	0	600
40	1744664183.0097485	0.736026025	0.001	0.02	3.281627392409827	0.0062554275755019526	0.014559799999999998	0	600
41	1744664183.4098725	0.735979703	0.001	0.018	3.2814267585464316	0.006255223238850351	0.014596000000000001	0	600
42	1744664183.8125737	0.736111012	0.001	0.016	3.281995495474211	0.006255802488157669	0.014605499999999999	0	600
43	1744664184.2170477	0.735746203	0.001	0.014	3.2804154030975545	0.006254193312574777	0.014546400000000001	0	600
44	1744664184.6171856	0.735574896	0.001	0.012	3.2796734233635894	0.006253437808378339	0.0145531	0	600
45	1744664185.0201244	0.735562908	0.001	0.01	3.2796214998984023	0.0062533849416459755	0.014491599999999999	0	600
46	1744664185.4222717	0.735490183	0.001	0.007	3.279306507071766	0.006253064235393402	0.014468400000000001	0	600
47	1744664185.8243902	0.735629653	0.001	0.005	3.2799105916304594	0.006253679290432879	0.0144952	0	600
48	1744664186.2286022	0.73534694	0.001	0.003	3.2786860805682823	0.006252432600064817	0.0144868	0	600
49	1744664186.629247	0.735269068	0.001	0.001	3.2783487946089034	0.006252089245440199	0.014333799999999999	0	600
50	1744664187.0328887	0.735262161	0.001	-0.001	3.278318878411535	0.006252058791816709	0.0143729	0	600
51	1744664187.4366145	0.735195415	0.001	-0.003	3.2780297823481916	0.006251764509417233	0.014401200000000003	0	600
52	1744664187.8372097	0.734934651	0.001	-0.005	3.2769003386982085	0.006250614927056057	0.0142899	0	600
53	1744664188.240538	0.734776824	0.001	-0.007	3.2762167447092154	0.006249919239575588	0.014244799999999998	0	600
54	1744664188.6422713	0.734809609	0.001	-0.01	3.2763587459442967	0.006250063747037398	0.0142322	0	600
55	1744664189.0451453	0.734851931	0.001	-0.012	3.2765420546608164	0.0062502502956232	0.014218900000000001	0	600
56	1744664189.4485872	0.734814389	0.001	-0.014	3.276379449494813	0.00625008481625119	0.0142497	0	600
57	1744664189.850459	0.734513976	0.001	-0.016	3.27507827465771	0.006248760788601899	0.013818000000000002	0	600
58	1744664190.252589	0.734405299	0.001	-0.018	3.2746075634109535	0.006248281874427073	0.013319500000000001	0	600
59	1744664190.6535883	0.734432099	0.001	-0.02	3.274723641895022	0.006248399972599028	0.013314999999999999	0	600
60	1744664191.0567894	0.734434363	0.001	-0.022	3.2747334479281536	0.0062484099493457295	0.013308099999999998	0	600
61	1744664191.4602408	0.734200266	0.001	-0.025	3.2737195067011053	0.006247378434878425	0.0132914	0	600
62	1744664191.8619792	0.7340471	0.001	-0.027	3.2730561008395087	0.006246703616937657	0.013263	0	600
63	1744664192.2649672	0.734038525	0.001	-0.029	3.273018960055894	0.006246665839255823	0.0132747	0	600
64	1744664192.6682518	0.73390419	0.001	-0.031	3.272437116654502	0.006246074046066108	0.0132054	0	600
65	1744664193.0728302	0.733958832	0.001	-0.033	3.2726737868234	0.006246314757099554	0.013267199999999998	0	600
66	1744664193.4738145	0.733643376	0.001	-0.035	3.271307456440183	0.006244925217366569	0.013221100000000003	0	600
67	1744664193.8737817	0.733626372	0.001	-0.037	3.2712338072408147	0.006244850325302706	0.0132306	0	600
68	1744664194.278084	0.733677795	0.001	-0.04	3.271456534997763	0.0062450768142579835	0.013238	0	600
69	1744664194.6803322	0.73362373	0.001	-0.042	3.271222363981303	0.006244838689008057	0.0132068	0	600
70	1744664195.0810077	0.733656127	0.001	-0.044	3.271362684677137	0.006244981378155308	0.013268499999999999	0	600
71	1744664195.4864137	0.733464083	0.001	-0.046	3.270530887050481	0.006244135585162518	0.013224699999999997	0	600
72	1744664195.8882184	0.733335869	0.001	-0.048	3.2699755554550967	0.006243570969365764	0.0131573	0	600
73	1744664196.2890303	0.733274812	0.001	-0.05	3.2697111000818966	0.006243302109497993	0.013217799999999998	0	600
74	1744664196.6923428	0.733276717	0.001	-0.052	3.269719351183096	0.00624331049785763	0.0131802	0	600
75	1744664197.0961666	0.733358456	0.001	-0.052	3.270073386228218	0.006243670432245427	0.0131276	0	600
76	1744664197.4969263	0.733344493	0.001	-0.05	3.270012908471761	0.006243608945366642	0.013186999999999999	0	600
77	1744664197.8998995	0.733285861	0.001	-0.048	3.2697589564688547	0.006243350762130352	0.0131219	0	600
78	1744664198.3045955	0.733365115	0.001	-0.046	3.270102228266479	0.006243699755736441	0.0131549	0	600
79	1744664198.7048979	0.733455532	0.001	-0.044	3.2704938502177474	0.006244097927653889	0.013184099999999999	0	600
80	1744664199.1082468	0.73359688	0.001	-0.042	3.271106068932899	0.006244720433337886	0.013206699999999998	0	600
81	1744664199.5100465	0.733550193	0.001	-0.04	3.270903854149851	0.006244514814383468	0.013220899999999999	0	600
82	1744664199.912582	0.733551618	0.001	-0.037	3.2709100262334254	0.006244521090277129	0.013197700000000001	0	600
83	1744664200.3164136	0.733558984	0.001	-0.035	3.270941930491397	0.006244553531236005	0.013220899999999999	0	600
84	1744664200.7182002	0.733822027	0.001	-0.033	3.2720812451438124	0.006245712114741986	0.0132492	0	600
85	1744664201.1208444	0.733968322	0.001	-0.031	3.2727148907343624	0.006246356563692471	0.0132409	0	600
86	1744664201.5221758	0.734013851	0.001	-0.029	3.2729120898873907	0.006246557137641882	0.013263600000000004	0	600
87	1744664201.925522	0.734035413	0.001	-0.027	3.2730054810916243	0.00624665212920399	0.0132324	0	600
88	1744664202.3284369	0.733982901	0.001	-0.025	3.2727780365634382	0.0062464207895237284	0.0132744	0	600
89	1744664202.7303302	0.734158706	0.001	-0.022	3.273539498425065	0.006247195323341496	0.013313700000000001	0	600
90	1744664203.1344237	0.734316715	0.001	-0.02	3.274223880708241	0.006247891530685168	0.0133165	0	600
91	1744664203.5483274	0.734241187	0.001	-0.018	3.2738967472849314	0.006247558735892854	0.0132829	0	600
92	1744664203.9374444	0.734236663	0.001	-0.016	3.273877152543815	0.006247538802569186	0.0133374	0	600
93	1744664204.3398862	0.734485317	0.001	-0.014	3.2749541443116312	0.006248634491761514	0.0133508	0	600
94	1744664204.7443438	0.734545476	0.001	-0.012	3.275214710189357	0.006248899608134947	0.013417800000000002	0	600
95	1744664205.1455557	0.734602225	0.001	-0.01	3.275460506379372	0.006249149706476474	0.013472399999999999	0	600
96	1744664205.5479734	0.734572596	0.001	-0.007	3.275332174685176	0.006249019127440966	0.0134097	0	600
97	1744664205.949033	0.734593229	0.001	-0.005	3.275421542124048	0.00624911005961178	0.013442400000000002	0	600
98	1744664206.3534188	0.73494087	0.001	-0.003	3.2769272749703138	0.006250642341332902	0.013473299999999999	0	600
99	1744664206.7560384	0.734962881	0.001	-0.001	3.277022610922285	0.006250739369991844	0.0135298	0	600
100	1744664207.1574218	0.73493131	0.001	0.001	3.2768858678692805	0.006250600199477347	0.0135071	0	600
101	1744664207.5607846	0.735009073	0.001	0.003	3.277222681718407	0.006250942997631756	0.0135293	0	600
102	1744664207.964527	0.735294799	0.001	0.005	3.278460242947469	0.006252202697092084	0.013639400000000001	0	600
103	1744664208.365535	0.735472299	0.001	0.007	3.279229046340084	0.006252985371995903	0.013638699999999998	0	600
104	1744664208.7691567	0.735442228	0.001	0.01	3.2790988002171586	0.006252852769445469	0.013647799999999998	0	600
105	1744664209.1699927	0.735391959	0.001	0.012	3.278881070765083	0.006252631106635727	0.013641900000000002	0	600
106	1744664209.5715914	0.735531339	0.001	0.014	3.2794847655079717	0.006253245725255248	0.013624	0	600
107	1744664209.9761147	0.735745163	0.001	0.016	3.2804108985593667	0.006254188725674554	0.014154999999999997	0	600
108	1744664210.3779194	0.735930036	0.001	0.018	3.2812116365289605	0.006255004153531275	0.014659	0	600
109	1744664210.7792282	0.735864234	0.001	0.02	3.28092662920028	0.0062547139063219735	0.014660700000000002	0	600
110	1744664211.1840732	0.735877232	0.001	0.022	3.2809829272650526	0.006254771238441287	0.014604699999999998	0	600
111	1744664211.5842457	0.736099496	0.001	0.025	3.2819456163763556	0.006255751685119911	0.01464	0	600
112	1744664211.9878492	0.736144303	0.001	0.027	3.282139688340372	0.00625594935414271	0.014697300000000002	0	600
113	1744664212.389658	0.736183873	0.001	0.029	3.2823110773558413	0.006256123924607095	0.014719099999999999	0	600
114	1744664212.7934227	0.736231603	0.001	0.031	3.2825178096709373	0.006256334500442974	0.0147118	0	600
115	1744664213.195528	0.736156037	0.001	0.033	3.282190511658732	0.006256001120410243	0.0146353	0	600
116	1744664213.6009831	0.736472201	0.001	0.035	3.2835599085929457	0.00625739607376079	0.014654899999999998	0	600
117	1744664214.0016189	0.736677573	0.001	0.037	3.284449433608992	0.006258302353808388	0.0146955	0	600
118	1744664214.413301	0.736626282	0.001	0.04	3.28422727758189	0.006258076001888944	0.0147593	0	600
119	1744664214.8074965	0.736608597	0.001	0.042	3.2841506787762653	0.006257997958106697	0.0147335	0	600
120	1744664215.2080944	0.736640115	0.001	0.044	3.2842871922710732	0.006258137047449516	0.0147202	0	600
121	1744664215.6095245	0.736727174	0.001	0.046	3.284664269761539	0.00625852125480454	0.0146931	0	600
122	1744664216.012639	0.736908533	0.001	0.048	3.285449787589603	0.0062593216954305786	0.014685300000000002	0	600
123	1744664216.4152787	0.736919695	0.001	0.05	3.28549813341196	0.006259370962789761	0.0147703	0	600
124	1744664216.8198912	0.736894495	0.001	0.052	3.2853889849866422	0.006259259734356605	0.0147315	0	600
