	t	Vhall	err_Vhall	I_fuente	B	err_B	Vdiodo	err_Vdiodo	frec_TTL
0	1744664944.4394264	0.710532891	0.001	0.0	3.1712093196909583	0.006143923751285914	0.0157766	0	600
1	1744664944.7604294	0.710522374	0.001	0.002	3.1711637675485345	0.006143878152002952	0.015705399999999998	0	600
2	1744664945.0796149	0.710572287	0.001	0.004	3.171379955062538	0.006144094566234057	0.015694900000000005	0	600
3	1744664945.467647	0.710815703	0.001	0.007	3.17243425955052	0.006145150084967955	0.015843000000000003	0	600
4	1744664945.8709447	0.710952303	0.001	0.009	3.1730259133163305	0.00614574249906736	0.0158583	0	600
5	1744664946.2764354	0.710889838	0.001	0.011	3.172755359491431	0.006145471590514906	0.015872200000000003	0	600
6	1744664946.6774306	0.710871397	0.001	0.013	3.172675486233046	0.006145391614801197	0.015862	0	600
7	1744664947.0793197	0.710854772	0.001	0.015	3.1726034785913435	0.006145319515679759	0.015835099999999998	0	600
8	1744664947.4859092	0.711087685	0.001	0.017	3.1736122915749165	0.006146329686842836	0.0159506	0	600
9	1744664947.8834362	0.711148777	0.001	0.02	3.1738768985431514	0.006146594677349153	0.0159264	0	600
10	1744664948.2851977	0.711166797	0.001	0.022	3.173954948329827	0.006146672842431977	0.0159485	0	600
11	1744664948.687465	0.711244676	0.001	0.024	3.174292264608213	0.006147010668343634	0.015920800000000002	0	600
12	1744664949.0906742	0.711502512	0.001	0.026	3.1754090262506827	0.00614812924870052	0.015996200000000002	0	600
13	1744664949.4927921	0.71156655	0.001	0.028	3.175686393189592	0.006148407098643436	0.016079899999999998	0	600
14	1744664949.8955927	0.7116875	0.001	0.031	3.17621026231825	0.006148931913992372	0.0159889	0	600
15	1744664950.2993896	0.711603475	0.001	0.033	3.175846325951689	0.006148567315569644	0.0160205	0	600
16	1744664950.700435	0.711880646	0.001	0.035	3.17704683302287	0.00614977008777875	0.016027	0	600
17	1744664951.1029158	0.711968144	0.001	0.037	3.1774258119482055	0.0061501498301742815	0.0160095	0	600
18	1744664951.506773	0.712006525	0.001	0.039	3.177592051063766	0.006150316411513447	0.0160201	0	600
19	1744664951.90817	0.712031182	0.001	0.042	3.1776988476003956	0.006150423430260931	0.016046399999999995	0	600
20	1744664952.3109543	0.712013536	0.001	0.044	3.1776224177149524	0.006150346841160721	0.016034600000000003	0	600
21	1744664952.7130601	0.71219667	0.001	0.046	3.1784156235769423	0.006151141745339134	0.016049800000000003	0	600
22	1744664953.1151335	0.712437099	0.001	0.048	3.179456990511495	0.006152185496284964	0.0160094	0	600
23	1744664953.5193632	0.712412646	0.001	0.05	3.1793510775573566	0.006152079332860303	0.016002000000000002	0	600
24	1744664953.9202569	0.712381916	0.001	0.052	3.1792179771164832	0.006151945920223358	0.0160183	0	600
25	1744664954.3233104	0.712443323	0.001	0.052	3.1794839484400343	0.00615221251825482	0.015993200000000003	0	600
26	1744664954.727333	0.71234787	0.001	0.05	3.1790705141288496	0.006151798114693012	0.0160056	0	600
27	1744664955.1277962	0.71244395	0.001	0.048	3.179486664156807	0.006152215240429564	0.016046700000000004	0	600
28	1744664955.5309188	0.712404568	0.001	0.046	3.179316089423241	0.0061520442623819015	0.0160899	0	600
29	1744664955.9330273	0.712276013	0.001	0.044	3.178759280859085	0.0061514861699894915	0.015990499999999998	0	600
30	1744664956.3393197	0.712120094	0.001	0.042	3.1780839509651515	0.006150809350218856	0.016036799999999997	0	600
31	1744664956.741031	0.712046334	0.001	0.04	3.177764475256761	0.006150489195382995	0.0160265	0	600
32	1744664957.140515	0.712053828	0.001	0.037	3.177796933919433	0.006150521722291911	0.016048399999999997	0	600
33	1744664957.543226	0.712095648	0.001	0.035	3.17797806833002	0.006150703240675239	0.0160109	0	600
34	1744664957.9469125	0.711859895	0.001	0.033	3.176956954492165	0.006149680031590795	0.016039900000000003	0	600
35	1744664958.3515508	0.711745922	0.001	0.031	3.1764633047509445	0.006149185429376868	0.0159868	0	600
36	1744664958.751221	0.711820887	0.001	0.029	3.176787999659832	0.0061495107463321675	0.0160036	0	600
37	1744664959.155044	0.711799958	0.001	0.027	3.17669735016009	0.00614941992145148	0.016020600000000003	0	600
38	1744664959.5555873	0.711733155	0.001	0.025	3.176408007213404	0.006149130027600405	0.015983000000000004	0	600
39	1744664959.9587984	0.71155514	0.001	0.022	3.175636973208128	0.006148357591691006	0.015937200000000002	0	600
40	1744664960.3607242	0.711422404	0.001	0.02	3.1750620555342004	0.0061477816913024655	0.015962999999999998	0	600
41	1744664960.7635026	0.711491617	0.001	0.018	3.1753618368818795	0.006148081978395924	0.015954299999999998	0	600
42	1744664961.1673858	0.711509376	0.001	0.016	3.1754387562027215	0.006148159029828274	0.0160169	0	600
43	1744664961.567208	0.71121191	0.001	0.014	3.1741503456675795	0.0061468685327398295	0.0159093	0	600
44	1744664961.9699616	0.711143899	0.001	0.012	3.173855770526536	0.006146573518291649	0.0159008	0	600
45	1744664962.3718822	0.71120528	0.001	0.01	3.174121629236633	0.006146839772865163	0.015928499999999995	0	600
46	1744664962.7761903	0.71114871	0.001	0.007	3.173876608346941	0.006146594386726103	0.0158892	0	600
47	1744664963.1783018	0.711175131	0.001	0.005	3.173991045273343	0.006146708993032022	0.015962200000000003	0	600
48	1744664963.5797727	0.710757745	0.001	0.003	3.172183226834863	0.006144898746792466	0.0157663	0	600
49	1744664963.983699	0.710657165	0.001	0.001	3.1717475860166697	0.006144462600126661	0.015742199999999998	0	600
50	1744664964.3870957	0.710669244	0.001	-0.001	3.171799903628948	0.006144514976862326	0.0157506	0	600
51	1744664964.7877734	0.71066373	0.001	-0.003	3.1717760209139803	0.006144491067102791	0.0157749	0	600
52	1744664965.1901805	0.710368497	0.001	-0.005	3.1704972821420814	0.006143211015356374	0.0156344	0	600
53	1744664965.5951803	0.710211793	0.001	-0.007	3.1698185521880733	0.006142531696259008	0.015575500000000003	0	600
54	1744664965.9968927	0.710187833	0.001	-0.01	3.169714774558287	0.006142427835138015	0.0155928	0	600
55	1744664966.4011142	0.710283829	0.001	-0.012	3.1701305607581602	0.0061428439663724025	0.015612199999999998	0	600
56	1744664966.8038135	0.710268443	0.001	-0.014	3.1700639195807025	0.006142777268005847	0.0156034	0	600
57	1744664967.2045126	0.710018839	0.001	-0.016	3.168982813090503	0.00614169533443685	0.0147164	0	600
58	1744664967.6067245	0.710000452	0.001	-0.018	3.1689031737216014	0.006141615641644136	0.0146495	0	600
59	1744664968.0110548	0.710185864	0.001	-0.02	3.169706246254737	0.0061424193000509915	0.014658400000000002	0	600
60	1744664968.4106696	0.710226961	0.001	-0.022	3.1698842491450265	0.006142597446973931	0.0146307	0	600
61	1744664968.815068	0.70998269	0.001	-0.025	3.1688262414068995	0.006141538658699398	0.014574399999999998	0	600
62	1744664969.2161567	0.709890278	0.001	-0.027	3.168425978538627	0.006141138147920283	0.014603399999999997	0	600
63	1744664969.619098	0.70981601	0.001	-0.029	3.1681043025365834	0.00614081629153796	0.014579899999999998	0	600
64	1744664970.0225973	0.709806798	0.001	-0.031	3.1680644027233282	0.006140776370522374	0.014567199999999999	0	600
65	1744664970.4229898	0.709839527	0.001	-0.033	3.168206161406353	0.0061409182057070456	0.0146262	0	600
66	1744664970.8269148	0.709443636	0.001	-0.035	3.166491443975897	0.0061392027820034705	0.014577399999999999	0	600
67	1744664971.2286918	0.709329143	0.001	-0.037	3.1659955419655836	0.006138706764815584	0.014549500000000002	0	600
68	1744664971.6310031	0.709521598	0.001	-0.04	3.166829119751081	0.006139540559084317	0.0145037	0	600
69	1744664972.0348473	0.709506639	0.001	-0.042	3.166764328033052	0.0061394757464913775	0.014524500000000001	0	600
70	1744664972.4388347	0.709559097	0.001	-0.044	3.1669915386717546	0.00613970303333264	0.014536499999999999	0	600
71	1744664972.8384917	0.709213748	0.001	-0.046	3.165495733134649	0.006138206880356741	0.0145446	0	600
72	1744664973.242095	0.70909832	0.001	-0.048	3.1649957813712524	0.006137706893586931	0.014460499999999998	0	600
73	1744664973.6430848	0.709035265	0.001	-0.05	3.164722672087189	0.006137433782351173	0.014521500000000001	0	600
74	1744664974.0463614	0.709016585	0.001	-0.052	3.1646417636512783	0.006137352875666948	0.0145121	0	600
75	1744664974.4478707	0.709114939	0.001	-0.052	3.165067763025235	0.006137778877775715	0.014452500000000002	0	600
76	1744664974.8511822	0.70901776	0.001	-0.05	3.1646468529131737	0.0061373579647872704	0.0144868	0	600
77	1744664975.2545176	0.709027724	0.001	-0.048	3.164690009854041	0.006137401120696983	0.0145097	0	600
78	1744664975.6551328	0.709127693	0.001	-0.046	3.1651230042560488	0.006137834121523412	0.0144725	0	600
79	1744664976.059155	0.709345106	0.001	-0.044	3.166064682295478	0.006138775918805458	0.0144876	0	600
80	1744664976.4646394	0.709431255	0.001	-0.042	3.1664378183150297	0.006139149141959798	0.014567100000000003	0	600
81	1744664976.8771083	0.709180536	0.001	-0.04	3.1653518824401385	0.006138063015424109	0.0145628	0	600
82	1744664977.268285	0.709116356	0.001	-0.037	3.1650739004585158	0.006137785015464117	0.014530700000000002	0	600
83	1744664977.669091	0.709120155	0.001	-0.035	3.1650903550167615	0.006137801470736581	0.0146093	0	600
84	1744664978.0710921	0.709462691	0.001	-0.033	3.1665739766443273	0.006139285337721096	0.0145306	0	600
85	1744664978.4741778	0.709537623	0.001	-0.031	3.1668985286207523	0.006139609991073391	0.014585999999999998	0	600
86	1744664978.8785474	0.709553997	0.001	-0.029	3.166969449109488	0.006139680935993733	0.014576100000000003	0	600
87	1744664979.2787669	0.709609452	0.001	-0.027	3.1672096406144883	0.006139921216314733	0.0145964	0	600
88	1744664979.6824033	0.709407477	0.001	-0.025	3.166334828979426	0.006139046126312649	0.014593700000000001	0	600
89	1744664980.083892	0.709650684	0.001	-0.022	3.1673882282284844	0.0061400998760416685	0.014656899999999997	0	600
90	1744664980.4862947	0.709770117	0.001	-0.02	3.16790552679519	0.006140617412734044	0.014639000000000003	0	600
91	1744664980.8906882	0.709829697	0.001	-0.018	3.1681635848579055	0.0061408756058387625	0.0145935	0	600
92	1744664981.29056	0.709837506	0.001	-0.016	3.1681974078758937	0.006140909447358098	0.014666100000000001	0	600
93	1744664981.6945372	0.710120578	0.001	-0.014	3.1694234738700033	0.006142136309431531	0.0147089	0	600
94	1744664982.0960073	0.710135444	0.001	-0.012	3.169487862778367	0.006142200746892074	0.0147436	0	600
95	1744664982.4988506	0.710058608	0.001	-0.01	3.1691550640320294	0.006141867704450035	0.0147281	0	600
96	1744664982.9026766	0.710107475	0.001	-0.007	3.169366721020125	0.00614207951434538	0.0147897	0	600
97	1744664983.3043365	0.710184311	0.001	-0.005	3.169699519766463	0.006142412568220746	0.014723700000000001	0	600
98	1744664983.706081	0.710502366	0.001	-0.003	3.171077107163862	0.006143791402865148	0.0148534	0	600
99	1744664984.1103158	0.71057786	0.001	-0.001	3.171404093323423	0.00614411873027924	0.0147977	0	600
100	1744664984.5122523	0.710633477	0.001	0.001	3.1716449864968714	0.006144359885949108	0.014837799999999998	0	600
101	1744664984.91428	0.710597211	0.001	0.003	3.1714879080527214	0.006144202635272366	0.014824799999999999	0	600
102	1744664985.3165696	0.710954226	0.001	0.005	3.173034242380691	0.006145750839240285	0.0149291	0	600
103	1744664985.7190466	0.711164278	0.001	0.007	3.173944037818582	0.0061466619157442655	0.0149402	0	600
104	1744664986.1222765	0.711001692	0.001	0.01	3.173239831236093	0.006145956705854638	0.014931	0	600
105	1744664986.5242355	0.711104491	0.001	0.012	3.173685083179515	0.006146402582825405	0.0149562	0	600
106	1744664986.9286542	0.71101812	0.001	0.014	3.1733109856143122	0.006146027957960503	0.014921899999999998	0	600
107	1744664987.3323393	0.711281939	0.001	0.016	3.174453661345222	0.0061471723154435	0.015965200000000002	0	600
108	1744664987.7422767	0.71137535	0.001	0.018	3.174858251168926	0.00614757755141566	0.015954500000000003	0	600
109	1744664988.1343555	0.711482644	0.001	0.02	3.1753229722461507	0.006148043047373023	0.015979	0	600
110	1744664988.5362625	0.711465554	0.001	0.022	3.1752489505561234	0.006147968899918015	0.015989399999999997	0	600
111	1744664988.9390023	0.711721688	0.001	0.025	3.1763583403485978	0.006149080267532459	0.016017	0	600
112	1744664989.3418572	0.711814032	0.001	0.027	3.176758308689373	0.00614948099777178	0.016025300000000003	0	600
113	1744664989.7439735	0.711734361	0.001	0.029	3.1764132307451867	0.006149135260957679	0.016053699999999997	0	600
114	1744664990.1461382	0.711841341	0.001	0.031	3.176876591798381	0.006149599511155357	0.0160226	0	600
115	1744664990.5508587	0.711904922	0.001	0.033	3.1771519793392593	0.006149875443589298	0.0160156	0	600
116	1744664990.9517412	0.712198631	0.001	0.035	3.1784241172301986	0.006151150257728251	0.0159983	0	600
117	1744664991.3542395	0.712210158	0.001	0.037	3.1784740439722077	0.006151200294837636	0.0160392	0	600
118	1744664991.758221	0.712194512	0.001	0.04	3.178406276660203	0.006151132377817823	0.016027	0	600
119	1744664992.1596375	0.712211233	0.001	0.042	3.1784787001054307	0.0061512049612841785	0.016027899999999998	0	600
120	1744664992.5623267	0.712156253	0.001	0.044	3.178240565961622	0.006150966304166575	0.0160186	0	600
121	1744664992.9644923	0.712375805	0.001	0.046	3.1791915086233433	0.006151919389987711	0.0160512	0	600
122	1744664993.3684576	0.712621715	0.001	0.048	3.180256615340403	0.0061529870705951395	0.016095	0	600
123	1744664993.770299	0.71262826	0.001	0.05	3.1802849636119785	0.006153015489874734	0.0160771	0	600
124	1744664994.1721735	0.712529348	0.001	0.052	3.179856547380033	0.006152586014364072	0.016112099999999997	0	600
