	t	Vhall	err_Vhall	I_fuente	B	err_B	Vdiodo	err_Vdiodo	frec_TTL
0	1744668622.915532	0.770589769	0.001	0.0	3.431332877754562	0.006409578897122633	0.0101381	0	600
1	1744668623.2492576	0.770561512	0.001	0.0037	3.431210488585745	0.006409451533466475	0.010027900000000001	0	600
2	1744668623.5683496	0.770801803	0.001	0.0075	3.43225125780273	0.006410534672827275	0.0100719	0	600
3	1744668623.9520426	0.770978214	0.001	0.0112	3.433015344424109	0.0064113299641785195	0.0101278	0	600
4	1744668624.3535528	0.771032523	0.001	0.015	3.433250572274529	0.006411574815334906	0.009998299999999998	0	600
5	1744668624.7530982	0.771200451	0.001	0.0187	3.4339779165906705	0.006412331965672834	0.0101728	0	600
6	1744668625.155946	0.771291598	0.001	0.0225	3.4343727003812434	0.006412742959003921	0.0101814	0	600
7	1744668625.5596747	0.771578067	0.001	0.0262	3.435613479756337	0.006414034828590655	0.010078	0	600
8	1744668625.9607446	0.771748542	0.001	0.03	3.4363518558597517	0.0064148037121536895	0.0101811	0	600
9	1744668626.3645453	0.771648698	0.001	0.0337	3.435919402868584	0.006414353382090474	0.010119199999999998	0	600
10	1744668626.7674177	0.771852555	0.001	0.0375	3.436802365985251	0.0064152728741497635	0.0103001	0	600
11	1744668627.1678514	0.771987207	0.001	0.0412	3.4373855824045325	0.006415880279642121	0.0101707	0	600
12	1744668627.5708556	0.771955989	0.001	0.045	3.43725036829574	0.006415739453174353	0.0101971	0	600
13	1744668627.9723964	0.772295135	0.001	0.0487	3.4387193068613287	0.0064172695027433415	0.010199100000000001	0	600
14	1744668628.375836	0.772342358	0.001	0.0525	3.4389238432140576	0.006417482572610362	0.0102325	0	600
15	1744668628.7790875	0.7722975	0.001	0.0525	3.4387295503544184	0.006417280173466247	0.0101799	0	600
16	1744668629.181451	0.772316292	0.001	0.0489	3.4388109438944414	0.006417364962252741	0.010089	0	600
17	1744668629.5839303	0.772273883	0.001	0.0453	3.438627258355977	0.006417173615801042	0.0101127	0	600
18	1744668629.9870212	0.772028926	0.001	0.0416	3.4375662793551607	0.006416068480881834	0.0103655	0	600
19	1744668630.388016	0.771982808	0.001	0.038	3.4373665290742554	0.006415860435303864	0.010162500000000001	0	600
20	1744668630.7912643	0.771760867	0.001	0.0344	3.4364052389685633	0.006414859303902037	0.010205700000000002	0	600
21	1744668631.1931741	0.77157385	0.001	0.0308	3.435595214720243	0.0064140158098835165	0.0102404	0	600
22	1744668631.5959795	0.77154098	0.001	0.0272	3.4354528453257913	0.006413867567523934	0.0101209	0	600
23	1744668631.998957	0.771383312	0.001	0.0235	3.434769940011386	0.006413156531445648	0.009982399999999999	0	600
24	1744668632.400538	0.771302098	0.001	0.0199	3.4344181788917925	0.006412790306257537	0.0101159	0	600
25	1744668632.8038597	0.771355714	0.001	0.0163	3.4346504051605162	0.006413032079460914	0.009931200000000001	0	600
26	1744668633.2071424	0.771137366	0.001	0.0127	3.433704677368005	0.006412047520461448	0.009948799999999999	0	600
27	1744668633.6080966	0.771000508	0.001	0.0091	3.4331119061302213	0.006411430475323864	0.0099717	0	600
28	1744668634.0113873	0.771046817	0.001	0.0054	3.4333124836868896	0.0064116392608911865	0.0099441	0	600
29	1744668634.4166796	0.770705914	0.001	0.0018	3.431835935050536	0.006410102423567238	0.009876	0	600
30	1744668634.8177898	0.770594651	0.001	-0.0018	3.431354023096324	0.006409600902130041	0.0098596	0	600
31	1744668635.2192633	0.770420877	0.001	-0.0054	3.4306013580780235	0.006408817676777922	0.0098096	0	600
32	1744668635.6207511	0.770199288	0.001	-0.0091	3.429641592585256	0.006407819059506053	0.0098115	0	600
33	1744668636.0227687	0.770121889	0.001	-0.0127	3.429306355324495	0.006407470282702839	0.009746000000000001	0	600
34	1744668636.4268713	0.769855295	0.001	-0.0163	3.428151660272941	0.006406269074900576	0.009592900000000001	0	600
35	1744668636.829021	0.769887047	0.001	-0.0199	3.4282891872888412	0.006406412131695573	0.0096548	0	600
36	1744668637.2308393	0.769823787	0.001	-0.0235	3.4280151900909996	0.006406127120108013	0.0095668	0	600
37	1744668637.6350727	0.769562655	0.001	-0.0272	3.4268841525275042	0.0064049507297539	0.009693	0	600
38	1744668638.035657	0.769449556	0.001	-0.0308	3.4263942883308767	0.00640444127961279	0.0096623	0	600
39	1744668638.438787	0.769419122	0.001	-0.0344	3.426262469950872	0.0064043041966843515	0.009551099999999998	0	600
40	1744668638.843557	0.769142879	0.001	-0.038	3.4250659823137664	0.006403060037654148	0.0095511	0	600
41	1744668639.2450616	0.769013645	0.001	-0.0416	3.4245062328059284	0.006402478056583732	0.009652700000000002	0	600
42	1744668639.6469626	0.768785548	0.001	-0.0453	3.4235182792991936	0.006401450974114279	0.009549499999999999	0	600
43	1744668640.0495613	0.768647911	0.001	-0.0489	3.4229221339890556	0.006400831285522429	0.009726700000000001	0	600
44	1744668640.4526103	0.768629746	0.001	-0.0525	3.4228434561658063	0.006400749504320533	0.009649099999999999	0	600
45	1744668640.8554335	0.768792961	0.001	-0.0525	3.4235503871276416	0.006401484351408076	0.009514	0	600
46	1744668641.2568948	0.768734691	0.001	-0.0489	3.4232980030505273	0.006401221992664764	0.0097067	0	600
47	1744668641.6610656	0.768810705	0.001	-0.0453	3.4236272414791826	0.00640156424499385	0.0095485	0	600
48	1744668642.0605028	0.768991859	0.001	-0.0416	3.424411871393469	0.006402379951842889	0.009600800000000001	0	600
49	1744668642.4636443	0.769055227	0.001	-0.038	3.4246863363702755	0.006402665308419742	0.0095561	0	600
50	1744668642.8669941	0.769238478	0.001	-0.0344	3.4254800489928123	0.006403490578698769	0.009635300000000001	0	600
51	1744668643.2684507	0.769423764	0.001	-0.0308	3.4262825757838216	0.0064043251053411175	0.009556799999999999	0	600
52	1744668643.6705282	0.769279103	0.001	-0.0272	3.42565600751577	0.006403673545474619	0.0094926	0	600
53	1744668644.0766184	0.769508065	0.001	-0.0235	3.4266477075855164	0.00640470482688747	0.009481400000000001	0	600
54	1744668644.4809058	0.769694448	0.001	-0.0199	3.427454985798056	0.006405544429641187	0.0096048	0	600
55	1744668644.8912737	0.769685648	0.001	-0.0163	3.427416870474929	0.0064055047860296106	0.009417100000000001	0	600
56	1744668645.28242	0.769945084	0.001	-0.0127	3.4285405621761496	0.006406673621025973	0.0095371	0	600
57	1744668645.6838174	0.770060575	0.001	-0.0091	3.429040786810609	0.006407193999829686	0.0095471	0	600
58	1744668646.0867436	0.770133665	0.001	-0.0054	3.429357360556898	0.006407523346895212	0.009538499999999998	0	600
59	1744668646.4883463	0.770473367	0.001	-0.0018	3.430828707317902	0.006409054248510582	0.009625199999999997	0	600
60	1744668646.8921635	0.770543952	0.001	0.0018	3.43113443119096	0.006409372385809543	0.0096191	0	600
61	1744668647.2946808	0.77068343	0.001	0.0054	3.4317385503999467	0.006410001073563156	0.0096687	0	600
62	1744668647.6968682	0.770871764	0.001	0.0091	3.4325542789528756	0.0064108500591644295	0.0097937	0	600
63	1744668648.0991044	0.770960047	0.001	0.0127	3.4329366579382854	0.0064112480603460914	0.009695599999999999	0	600
64	1744668648.5031044	0.771165216	0.001	0.0163	3.4338253037031277	0.006412173092567325	0.009723599999999999	0	600
65	1744668648.9034665	0.771264192	0.001	0.0199	3.4342539971374233	0.006412619379552507	0.0096657	0	600
66	1744668649.3075416	0.771275904	0.001	0.0235	3.434304725167476	0.006412672191192137	0.0097376	0	600
67	1744668649.7114568	0.77144574	0.001	0.0272	3.4350403335786774	0.006413438055322602	0.009817499999999998	0	600
68	1744668650.1112075	0.771566891	0.001	0.0308	3.435565073295966	0.006413984424836212	0.009884800000000001	0	600
69	1744668650.51551	0.771536602	0.001	0.0344	3.4354338829525353	0.006413847823140503	0.0098152	0	600
70	1744668650.916982	0.771681539	0.001	0.038	3.4360616466557214	0.006414501503118671	0.0098245	0	600
71	1744668651.319014	0.771782902	0.001	0.0416	3.436500678871415	0.006414958693487928	0.0097996	0	600
72	1744668651.7239478	0.772319305	0.001	0.0453	3.438823994061326	0.006417378556881404	0.0097486	0	600
73	1744668652.1243086	0.772408747	0.001	0.0489	3.439211393008043	0.006417782129411947	0.0098122	0	600
74	1744668652.526827	0.77235705	0.001	0.0525	3.438987478478533	0.0064175488640324995	0.009889700000000001	0	600
