	t	Vhall	err_Vhall	I_fuente	B	err_B	Vdiodo	err_Vdiodo	frec_TTL
0	1744822643.3671284	0.74059068	0.001	0.0	3.3013982219879616	0.00627559352372441	0.0088562	0	600
1	1744822643.5864153	0.740667823	0.001	0.006	3.3017323504393223	0.00627593484247044	0.008787800000000002	0	600
2	1744822643.9881485	0.740804398	0.001	0.0121	3.302323895922964	0.006276539159404286	0.008827800000000002	0	600
3	1744822644.3904455	0.741102829	0.001	0.0181	3.3036164861497905	0.006277859841821392	0.0088531	0	600
4	1744822644.7955403	0.741235038	0.001	0.0241	3.304189121235617	0.006278445003322274	0.0088702	0	600
5	1744822645.196235	0.741395297	0.001	0.0302	3.304883248913911	0.006279154381883302	0.0088813	0	600
6	1744822645.5985518	0.741714081	0.001	0.0362	3.306263993819328	0.006280565681130592	0.0089141	0	600
7	1744822646.0003476	0.741810145	0.001	0.0422	3.306680074546698	0.006280991026019592	0.008910499999999998	0	600
8	1744822646.4021053	0.74205778	0.001	0.0483	3.307752652733348	0.006282087606645822	0.0089197	0	600
9	1744822646.806035	0.742200183	0.001	0.0543	3.308369440955988	0.006282718276562931	0.008925800000000001	0	600
10	1744822647.2075744	0.742377891	0.001	0.0603	3.309139145256241	0.006283505385074678	0.0089395	0	600
11	1744822647.6101704	0.742875241	0.001	0.0664	3.3112933107059157	0.006285708736888199	0.0089502	0	600
12	1744822648.0129328	0.742924045	0.001	0.0724	3.311504694822948	0.0062859249854448265	0.0089478	0	600
13	1744822648.415098	0.743228282	0.001	0.0784	3.312822432500464	0.00628727319986367	0.0089383	0	600
14	1744822648.819011	0.743357978	0.001	0.0845	3.3133841830627664	0.0062878480225356664	0.008949100000000001	0	600
15	1744822649.2207592	0.743526945	0.001	0.0905	3.314116027585809	0.006288596968919715	0.008942700000000001	0	600
16	1744822649.6221852	0.744005314	0.001	0.0965	3.316187980882271	0.006290717779151232	0.008955100000000002	0	600
17	1744822650.0272384	0.744155771	0.001	0.1026	3.3168396532881457	0.00629138495219024	0.0089815	0	600
18	1744822650.428354	0.744368686	0.001	0.1086	3.317761849199913	0.006292329192990553	0.008956999999999998	0	600
19	1744822650.8306756	0.744482293	0.001	0.1146	3.318253913690194	0.006292833072706578	0.0089571	0	600
20	1744822651.2347484	0.744773513	0.001	0.1207	3.31951527100849	0.0062941248840411	0.008967600000000001	0	600
21	1744822651.6352732	0.745114639	0.001	0.1267	3.3209927855217813	0.006295638376626085	0.0089698	0	600
22	1744822652.038448	0.745284446	0.001	0.1327	3.3217282683256677	0.00629639189141166	0.0089702	0	600
23	1744822652.4402542	0.745444785	0.001	0.1388	3.322422742506899	0.006297103466973784	0.0089699	0	600
24	1744822652.8424544	0.745597923	0.001	0.1448	3.3230860270924674	0.006297783152723502	0.0089663	0	600
25	1744822653.2465174	0.74580152	0.001	0.1508	3.3239678640745876	0.0062986868976358116	0.0089704	0	600
26	1744822653.6482828	0.746148071	0.001	0.1569	3.3254688758183297	0.006300225468924685	0.008976	0	600
27	1744822654.0510132	0.746345282	0.001	0.1629	3.326323053203463	0.006301101171535853	0.0089614	0	600
28	1744822654.4541793	0.74667234	0.001	0.1689	3.3277396351751927	0.0063025536930751015	0.008965200000000001	0	600
29	1744822654.8603268	0.74683194	0.001	0.175	3.3284309085355384	0.006303262613937565	0.0089724	0	600
30	1744822655.2601385	0.746847031	0.001	0.175	3.3284962719834144	0.006303329649761573	0.0089656	0	600
31	1744822655.659486	0.746898092	0.001	0.169	3.328717431814571	0.006303556472902122	0.0089712	0	600
32	1744822656.0628173	0.746648472	0.001	0.1631	3.327636256023784	0.006302447680929959	0.0089782	0	600
33	1744822656.4659972	0.74652126	0.001	0.1572	3.3270852643776916	0.006301882683004021	0.0089659	0	600
34	1744822656.8674257	0.746283147	0.001	0.1513	3.32605392870318	0.006300825253274387	0.008967600000000001	0	600
35	1744822657.2696078	0.746140381	0.001	0.1453	3.325435568223461	0.0063001913242027655	0.008956899999999999	0	600
36	1744822657.6741848	0.745946011	0.001	0.1394	3.324593696023897	0.006299328348460427	0.008972500000000003	0	600
37	1744822658.0751774	0.745654531	0.001	0.1335	3.323331212571054	0.006298034417721083	0.0089587	0	600
38	1744822658.4782674	0.74555572	0.001	0.1275	3.3229032337990674	0.006297595832852078	0.0089685	0	600
39	1744822658.8798625	0.745235391	0.001	0.1216	3.3215157970556692	0.0062961742025670776	0.008962699999999999	0	600
40	1744822659.282828	0.745167562	0.001	0.1157	3.321222010208809	0.006295873212516979	0.0089579	0	600
41	1744822659.6862593	0.744769759	0.001	0.1097	3.3194990113581464	0.0062941082302931045	0.008944200000000001	0	600
42	1744822660.0874915	0.744574554	0.001	0.1038	3.3186535225341722	0.0062932423036642735	0.0089724	0	600
43	1744822660.4904337	0.744348564	0.001	0.0979	3.3176746950485545	0.0062922399499441475	0.0089514	0	600
44	1744822660.894269	0.744118518	0.001	0.0919	3.316678299864004	0.006291219754849772	0.0089576	0	600
45	1744822661.2969525	0.744001944	0.001	0.086	3.316173384446028	0.0062907028362597815	0.0089523	0	600
46	1744822661.6986635	0.743668901	0.001	0.0801	3.3147308797232857	0.0062892262516357446	0.0089534	0	600
47	1744822662.102266	0.743404843	0.001	0.0741	3.31358716881485	0.00628805574357225	0.0089573	0	600
48	1744822662.5032327	0.743320606	0.001	0.0682	3.3132223142155057	0.0062876823820531905	0.008947299999999998	0	600
49	1744822662.905966	0.743077544	0.001	0.0623	3.3121695430030216	0.006286605177431207	0.0089464	0	600
50	1744822663.3077743	0.742910742	0.001	0.0563	3.3114470757157255	0.006285866039717246	0.0089244	0	600
51	1744822663.7106326	0.74259673	0.001	0.0504	3.3100869997105318	0.006284474795394559	0.008918899999999999	0	600
52	1744822664.1142313	0.73927928	0.001	0.0445	3.2957181725847176	0.006269793843735104	0.007564399999999999	0	600
53	1744822664.518514	0.738920293	0.001	0.0386	3.2941632969593377	0.006268207077795246	0.007533000000000001	0	600
54	1744822664.9183035	0.738712847	0.001	0.0326	3.2932647888546365	0.006267290309701601	0.0075917	0	600
55	1744822665.3346648	0.738451236	0.001	0.0267	3.2921316766048028	0.0062661343455702465	0.0078767	0	600
56	1744822665.7236016	0.738181245	0.001	0.0208	3.2909622681722643	0.0062649415590653275	0.0081485	0	600
57	1744822666.126613	0.737828898	0.001	0.0148	3.2894361522906985	0.0062633852486665195	0.008116599999999998	0	600
58	1744822666.5300598	0.737728122	0.001	0.0089	3.288999662540309	0.006262940188429101	0.0080932	0	600
59	1744822666.9319315	0.73736575	0.001	0.003	3.287430125509386	0.006261340074568688	0.0080448	0	600
60	1744822667.3339236	0.737145281	0.001	-0.003	3.286475211057743	0.006260366741676118	0.008031199999999999	0	600
61	1744822667.735882	0.73681597	0.001	-0.0089	3.285048870697036	0.006258913150332179	0.007947899999999999	0	600
62	1744822668.1385975	0.736702718	0.001	-0.0148	3.28455834381354	0.006258413323781757	0.007911900000000001	0	600
63	1744822668.5420265	0.73644761	0.001	-0.0208	3.28345339792124	0.006257287565003231	0.007668799999999999	0	600
64	1744822668.943943	0.735979732	0.001	-0.0267	3.2814268841537464	0.00625522336677387	0.007140100000000001	0	600
65	1744822669.3461092	0.735893254	0.001	-0.0326	3.281052323140864	0.0062548419096159925	0.0071416	0	600
66	1744822669.7508934	0.735626995	0.001	-0.0386	3.2798990790703604	0.006253667568274261	0.007080599999999999	0	600
67	1744822670.1513164	0.73538729	0.001	-0.0445	3.278860847987392	0.006252610518896763	0.0065024	0	600
68	1744822670.5539453	0.735130743	0.001	-0.0504	3.2777496693735033	0.006251479383532672	0.0065166	0	600
69	1744822670.955781	0.734625812	0.001	-0.0563	3.275562668439212	0.006249253659410242	0.006515	0	600
70	1744822671.3587282	0.73465591	0.001	-0.0623	3.275693031506879	0.006249386310043804	0.0065012	0	600
71	1744822671.7623746	0.734357134	0.001	-0.0682	3.274398946986135	0.006248069633438161	0.0064983	0	600
72	1744822672.1636972	0.734290102	0.001	-0.0741	3.2741086121747895	0.006247774265432024	0.0064859	0	600
73	1744822672.5655951	0.73402084	0.001	-0.0801	3.2729423612502693	0.006246587927589424	0.0064625	0	600
74	1744822672.969736	0.733613715	0.001	-0.086	3.271178986144813	0.0062447945796190495	0.0064702	0	600
75	1744822673.3714848	0.733401852	0.001	-0.0919	3.2702613467466732	0.006243861532651328	0.006453499999999999	0	600
76	1744822673.7743368	0.733099205	0.001	-0.0979	3.2689504958150404	0.006242528897649099	0.0064607	0	600
77	1744822674.176034	0.732976614	0.001	-0.1038	3.2684195190448766	0.006241989172557162	0.0064539	0	600
78	1744822674.579494	0.732675963	0.001	-0.1097	3.2671173133615343	0.006240665696470576	0.0064491999999999996	0	600
79	1744822674.9824884	0.732338857	0.001	-0.1157	3.2656572106208523	0.006239182056291651	0.006447699999999999	0	600
80	1744822675.3869016	0.732211862	0.001	-0.1216	3.265107158863978	0.006238623223081066	0.0064416000000000005	0	600
81	1744822675.7875671	0.731970028	0.001	-0.1275	3.2640597064715853	0.006237559177952938	0.0064416000000000005	0	600
82	1744822676.1994936	0.73177264	0.001	-0.1335	3.263204762448703	0.006236690816755636	0.006436	0	600
83	1744822676.5919156	0.73153547	0.001	-0.1394	3.2621775111775673	0.006235647594076022	0.0064446	0	600
84	1744822676.9935348	0.731001466	0.001	-0.1453	3.259864586744496	0.006233299308284425	0.0064323	0	600
85	1744822677.3978782	0.7309002	0.001	-0.1513	3.2594259746636136	0.006232854084124448	0.006429699999999999	0	600
86	1744822677.7987034	0.730631556	0.001	-0.1572	3.258262400474285	0.00623167311385446	0.0064315	0	600
87	1744822678.2022738	0.730538042	0.001	-0.1631	3.2578573645280486	0.00623126207176183	0.006424099999999999	0	600
88	1744822678.6037643	0.730150988	0.001	-0.169	3.256180922678328	0.006229561041775779	0.0064283	0	600
89	1744822679.0065522	0.730044123	0.001	-0.175	3.2557180597231064	0.006229091467086127	0.0064317	0	600
90	1744822679.4101565	0.730140265	0.001	-0.175	3.2561344782908406	0.006229513922417862	0.006436300000000001	0	600
91	1744822679.8112772	0.730021493	0.001	-0.169	3.255620042704656	0.006228992033051182	0.0064348	0	600
92	1744822680.214034	0.730142444	0.001	-0.1631	3.256143916164601	0.006229523497423882	0.0064282	0	600
93	1744822680.618516	0.730356715	0.001	-0.1572	3.2570719853011596	0.006230465119073188	0.006429300000000001	0	600
94	1744822681.0218246	0.730607285	0.001	-0.1513	3.25815727581433	0.00623156642788486	0.0064376	0	600
95	1744822681.4212232	0.730778777	0.001	-0.1453	3.2589000568363375	0.006232320277480854	0.0064233	0	600
96	1744822681.823513	0.731048218	0.001	-0.1394	3.2600670830611804	0.006233504867314884	0.006430099999999999	0	600
97	1744822682.2264614	0.731273559	0.001	-0.1335	3.261043099541718	0.006234495735132406	0.0064083000000000005	0	600
98	1744822682.629707	0.731456757	0.001	-0.1275	3.261836582606058	0.006235301401019114	0.0063961	0	600
99	1744822683.0308673	0.731690468	0.001	-0.1216	3.262848851956433	0.0062363293541419325	0.0063945	0	600
100	1744822683.433588	0.731812174	0.001	-0.1157	3.2633759955378503	0.006236864728039092	0.0063931000000000005	0	600
101	1744822683.8375072	0.732054561	0.001	-0.1097	3.264425843131799	0.0062379310952731075	0.006392699999999999	0	600
102	1744822684.2388299	0.732383327	0.001	-0.1038	3.2658498229412447	0.006239377754701408	0.006409899999999999	0	600
103	1744822684.641546	0.732476166	0.001	-0.0979	3.2662519352689463	0.006239786328301668	0.006407399999999999	0	600
104	1744822685.0463626	0.73280832	0.001	-0.0919	3.2676905894777954	0.00624124830423324	0.006418299999999999	0	600
105	1744822685.4499946	0.732817917	0.001	-0.086	3.2677321568364373	0.006241290550192129	0.0064294999999999995	0	600
106	1744822685.8516438	0.733119061	0.001	-0.0801	3.269036497844132	0.006242616320741476	0.006437099999999999	0	600
107	1744822686.2520723	0.733397679	0.001	-0.0741	3.2702432722871952	0.0062438431560201055	0.0064665	0	600
108	1744822686.6545417	0.733604847	0.001	-0.0682	3.2711405762941888	0.0062447555222418915	0.0064722999999999985	0	600
109	1744822687.0622432	0.733931619	0.001	-0.0623	3.272555919517917	0.006246194876267981	0.006504600000000001	0	600
110	1744822687.459151	0.734109842	0.001	-0.0563	3.2733278544308297	0.006246980037094498	0.006499100000000001	0	600
111	1744822687.8615212	0.73424408	0.001	-0.0504	3.2739092776974097	0.006247571482852581	0.006519700000000001	0	600
112	1744822688.2664123	0.734685549	0.001	-0.0445	3.2758214065139426	0.006249516940290234	0.006547300000000001	0	600
113	1744822688.6663606	0.734759841	0.001	-0.0386	3.2761431864668675	0.00624984438430091	0.0065547999999999995	0	600
114	1744822689.0702784	0.734981585	0.001	-0.0326	3.2771036233090762	0.006250821821868194	0.006574099999999999	0	600
115	1744822689.471506	0.735136127	0.001	-0.0267	3.277772989021198	0.006251503120048536	0.006582199999999999	0	600
116	1744822689.8758929	0.735366966	0.001	-0.0208	3.278772818916116	0.006252520901894447	0.006607600000000001	0	600
117	1744822690.2774413	0.735824211	0.001	-0.0148	3.2807532781119266	0.006254537374267613	0.006615899999999999	0	600
118	1744822690.6790705	0.735918415	0.001	-0.0089	3.281161302646	0.006254952893348467	0.0066105	0	600
119	1744822691.0837731	0.736176721	0.001	-0.003	3.282280099993227	0.0062560923718858324	0.006647200000000001	0	600
120	1744822691.4854655	0.736303483	0.001	0.003	3.2828291425602965	0.006256651633949467	0.0066725000000000005	0	600
121	1744822691.8870234	0.736725894	0.001	0.0089	3.284658725714539	0.006258515605771448	0.0066987	0	600
122	1744822692.290624	0.736748133	0.001	0.0148	3.2847550491998816	0.006258613753978888	0.006748800000000001	0	600
123	1744822692.6936193	0.736991395	0.001	0.0208	3.2858086866697094	0.0062596874441594825	0.007138099999999999	0	600
124	1744822693.0947995	0.737400473	0.001	0.0267	3.2875805207781283	0.006261493383406214	0.007549200000000001	0	600
125	1744822693.497326	0.737555401	0.001	0.0326	3.2882515583669236	0.006262177463054999	0.0075922	0	600
126	1744822693.898947	0.737910197	0.001	0.0386	3.2897882815696637	0.006263744313266318	0.007603899999999999	0	600
127	1744822694.302335	0.737955626	0.001	0.0445	3.289985047594019	0.006263944962937655	0.0076283	0	600
128	1744822694.706048	0.738202808	0.001	0.0504	3.2910556637077852	0.006265036814021153	0.007628499999999999	0	600
129	1744822695.10739	0.738694414	0.001	0.0563	3.293184950246546	0.0062672088545344205	0.0076571	0	600
130	1744822695.5121286	0.738759068	0.001	0.0623	3.293464985258074	0.00626749456393171	0.007664	0	600
131	1744822695.9154077	0.739085729	0.001	0.0682	3.2948798477089762	0.006268938279063906	0.007649600000000001	0	600
132	1744822696.3159604	0.739209706	0.001	0.0741	3.2954168276425326	0.006269486289413055	0.0076695	0	600
133	1744822696.7174032	0.739517463	0.001	0.0801	3.2967498114492995	0.006270846845004186	0.0076738	0	600
134	1744822697.1218467	0.7399	0.001	0.086	3.29840668887691	0.006272538371486203	0.007676400000000002	0	600
135	1744822697.5225933	0.740097263	0.001	0.0919	3.2992610914889524	0.006273410805109703	0.007676600000000001	0	600
136	1744822697.9264944	0.740379752	0.001	0.0979	3.3004846323429047	0.006274660360781697	0.007684100000000001	0	600
137	1744822698.327013	0.740606087	0.001	0.1038	3.3014649541224403	0.006275661690546902	0.007694300000000001	0	600
138	1744822698.7305367	0.740969078	0.001	0.1097	3.3030371722198426	0.006277267906098879	0.007678299999999999	0	600
139	1744822699.1337774	0.741375673	0.001	0.1157	3.304798251743338	0.006279067513281702	0.007696399999999999	0	600
140	1744822699.5353842	0.741580334	0.001	0.1216	3.3056846972145273	0.006279973530085422	0.0076866	0	600
141	1744822699.9370198	0.741727147	0.001	0.1275	3.306320586411598	0.006280623532229633	0.0077105	0	600
142	1744822700.339627	0.741850859	0.001	0.1335	3.3068564185541742	0.0062811713043079654	0.007715	0	600
143	1744822700.7423284	0.742010544	0.001	0.1394	3.307548060073891	0.006281878422084359	0.0077047999999999995	0	600
144	1744822701.1455219	0.742354538	0.001	0.1453	3.309037996717493	0.006283401944283405	0.007708699999999999	0	600
145	1744822701.5469723	0.742593559	0.001	0.1513	3.3100732652003457	0.006284460747565407	0.007708699999999999	0	600
146	1744822701.9495313	0.742922579	0.001	0.1572	3.311498345156618	0.006285918489559348	0.0077164	0	600
147	1744822702.353845	0.743053177	0.001	0.1631	3.3120640025395405	0.006286497196766545	0.007706	0	600
148	1744822702.7540915	0.74324601	0.001	0.169	3.312899217551418	0.006287351768909195	0.007713700000000001	0	600
149	1744822703.157113	0.743424656	0.001	0.175	3.313672984598613	0.006288143563155134	0.0076918	0	600
