	t	Vhall	err_Vhall	I_fuente	B	err_B	Vdiodo	err_Vdiodo	frec_TTL
0	1744408117.209547	0.415655454	0.001	0.0	1.8940105930918774	0.005029655857887218	0.0250884	0	600
1	1744408117.6730955	0.41588374	0.001	0.007	1.894999365211802	0.0050303633027018995	0.025141999999999998	0	600
2	1744408118.0773046	0.416062047	0.001	0.014	1.8957716639527995	0.0050309160664903565	0.025244	0	600
3	1744408118.478729	0.416330933	0.001	0.021	1.896936286313514	0.005031749964453802	0.025418800000000002	0	600
4	1744408118.8812556	0.416714934	0.001	0.029	1.8985995047448812	0.005032941563572995	0.0253774	0	600
5	1744408119.2827094	0.417188219	0.001	0.036	1.9006494377796643	0.005034411343921193	0.025369799999999998	0	600
6	1744408119.6859722	0.417321958	0.001	0.043	1.9012286997341712	0.00503482689313544	0.0253624	0	600
7	1744408120.0892909	0.417626762	0.001	0.05	1.902548893251257	0.005035774339074676	0.0254338	0	600
8	1744408120.4938908	0.418035026	0.001	0.057	1.9043172016922867	0.00503704418197014	0.025372	0	600
9	1744408120.8952155	0.418219492	0.001	0.064	1.9051161768281866	0.005037618237199883	0.025467800000000002	0	600
10	1744408121.297047	0.418535063	0.001	0.071	1.9064830053093753	0.005038600724505571	0.025445000000000002	0	600
11	1744408121.698457	0.418948565	0.001	0.079	1.9082740010302388	0.005039888938042135	0.025439	0	600
12	1744408122.1010048	0.419522934	0.001	0.086	1.910761757851721	0.005041679876040045	0.0255012	0	600
13	1744408122.5051198	0.419729289	0.001	0.093	1.911655540522612	0.00504232375446963	0.025542199999999998	0	600
14	1744408122.906128	0.420040726	0.001	0.1	1.9130044634645047	0.005043295958361001	0.025544400000000002	0	600
15	1744408123.3092618	0.420439427	0.001	0.107	1.9147313518106408	0.005044541350415974	0.025544999999999995	0	600
16	1744408123.7111223	0.420710547	0.001	0.114	1.9159056502658853	0.0050453887265106715	0.0254686	0	600
17	1744408124.1128151	0.421012299	0.001	0.121	1.917212624695905	0.005046332316680689	0.025440399999999995	0	600
18	1744408124.5172558	0.421503977	0.001	0.129	1.9193422230873098	0.00504787088365399	0.025502800000000003	0	600
19	1744408124.9186082	0.421973908	0.001	0.136	1.9213776289864375	0.005049342639020796	0.025486200000000004	0	600
20	1744408125.3219786	0.422194441	0.001	0.143	1.9223328206404298	0.005050033733567083	0.0254772	0	600
21	1744408125.725092	0.422485611	0.001	0.15	1.9235939613943895	0.005050946594690754	0.025490400000000003	0	600
22	1744408126.1257043	0.422990039	0.001	0.157	1.925778783691461	0.005052529149862612	0.025523800000000003	0	600
23	1744408126.5286949	0.423146259	0.001	0.164	1.926455417302697	0.005053019545314001	0.025485800000000003	0	600
24	1744408126.931192	0.423493645	0.001	0.171	1.9279600456708497	0.005054110514701341	0.0255274	0	600
25	1744408127.335219	0.42399446	0.001	0.179	1.9301292190290058	0.005055684490182244	0.025511600000000002	0	600
26	1744408127.737645	0.424443533	0.001	0.186	1.9320742829497493	0.005057097014070464	0.0255262	0	600
27	1744408128.1387575	0.424599555	0.001	0.193	1.932750058966215	0.005057588026606753	0.025525	0	600
28	1744408128.5408125	0.424981491	0.001	0.2	1.9344043332905074	0.005058790567099654	0.025525199999999998	0	600
29	1744408128.9453154	0.42552542	0.001	0.207	1.9367602457442648	0.005060504521145245	0.025487600000000006	0	600
30	1744408129.346889	0.425600232	0.001	0.214	1.9370842779662838	0.005060740384452709	0.025551800000000003	0	600
31	1744408129.7490191	0.425848363	0.001	0.221	1.9381590044711459	0.00506152289680665	0.0255622	0	600
32	1744408130.1510088	0.426397286	0.001	0.229	1.9405365473707776	0.005063255184742371	0.025589	0	600
33	1744408130.55538	0.426951877	0.001	0.236	1.9429386400035322	0.00506500702305893	0.025552000000000002	0	600
34	1744408130.9585307	0.427095077	0.001	0.243	1.9435588802616874	0.005065459633624248	0.0255346	0	600
35	1744408131.359023	0.427454929	0.001	0.25	1.9451175024500786	0.0050665975049279015	0.0255598	0	600
36	1744408131.7618186	0.427903896	0.001	0.257	1.94706210725443	0.005068018147585115	0.025592399999999998	0	600
37	1744408132.1652124	0.428005133	0.001	0.264	1.9475005937279972	0.00506833863749355	0.0254844	0	600
38	1744408132.5669477	0.428327316	0.001	0.271	1.948896060676972	0.005069358954353321	0.02561	0	600
39	1744408132.9689014	0.428899073	0.001	0.279	1.9513725041775447	0.005071171027571899	0.025480199999999998	0	600
40	1744408133.373112	0.429377771	0.001	0.286	1.9534458824673373	0.005072689528672305	0.0255384	0	600
41	1744408133.7737343	0.429525049	0.001	0.293	1.9540837857127322	0.005073156965571397	0.025424999999999996	0	600
42	1744408134.1772807	0.42986715	0.001	0.3	1.955565523230575	0.0050742431919288435	0.025545	0	600
43	1744408134.5786035	0.430302694	0.001	0.307	1.957451989173298	0.005075627029545627	0.0255216	0	600
44	1744408134.9813266	0.430557371	0.001	0.314	1.9585550682810227	0.005076436679555111	0.0256278	0	600
45	1744408135.385004	0.430854055	0.001	0.321	1.9598400917499506	0.005077380316193685	0.0255784	0	600
46	1744408135.7896628	0.431385147	0.001	0.329	1.9621404034760965	0.005079070698423535	0.0255672	0	600
47	1744408136.189007	0.431836093	0.001	0.336	1.9640935798968644	0.005080507181010717	0.0255362	0	600
48	1744408136.593232	0.431979927	0.001	0.343	1.9647165661907995	0.005080965592535291	0.02546	0	600
49	1744408136.993664	0.432372333	0.001	0.35	1.9664161890870397	0.005082216790602222	0.025656199999999997	0	600
50	1744408137.396587	0.432498626	0.001	0.35	1.9669632002806374	0.005082619655633187	0.025501600000000003	0	600
51	1744408137.798887	0.432267572	0.001	0.343	1.9659624391590746	0.005081882676061137	0.025421	0	600
52	1744408138.2014523	0.432013505	0.001	0.336	1.9648620021362488	0.005081072624578198	0.0254246	0	600
53	1744408138.6047018	0.431877968	0.001	0.329	1.964274952528221	0.005080640628809304	0.025477	0	600
54	1744408139.0064096	0.43154357	0.001	0.322	1.962826578911974	0.005079575228085887	0.025392199999999997	0	600
55	1744408139.409788	0.431341101	0.001	0.315	1.9619496276212731	0.005078930449156185	0.025528600000000002	0	600
56	1744408139.8131196	0.43102322	0.001	0.308	1.9605727938677633	0.005077918576811664	0.0253112	0	600
57	1744408140.2134597	0.430560323	0.001	0.3	1.958567854239417	0.005076446066383292	0.025637400000000005	0	600
58	1744408140.6167316	0.430214707	0.001	0.293	1.9570708922487567	0.005075347389215148	0.025568799999999996	0	600
59	1744408141.0330472	0.430005106	0.001	0.286	1.9561630502211762	0.0050746814035364934	0.025523200000000003	0	600
60	1744408141.4221506	0.42970529	0.001	0.279	1.9548644611622443	0.005073729181281446	0.025543	0	600
61	1744408141.8251812	0.429215389	0.001	0.272	1.952742559467339	0.005072174289988899	0.025623999999999997	0	600
62	1744408142.2263403	0.429124414	0.001	0.265	1.9523485206580817	0.005071885688291596	0.025409400000000006	0	600
63	1744408142.6292737	0.428869931	0.001	0.258	1.9512462818199805	0.005071078624846911	0.025508799999999998	0	600
64	1744408143.0330517	0.428381594	0.001	0.251	1.9491311542575036	0.005069530901941332	0.025572599999999994	0	600
65	1744408143.4351616	0.42799889	0.001	0.244	1.947473553505011	0.005068318872178532	0.025442	0	600
66	1744408143.8367794	0.427789067	0.001	0.237	1.9465647499317786	0.0050676546961968645	0.0254918	0	600
67	1744408144.2408621	0.427443978	0.001	0.23	1.9450700705292194	0.0050665628669127665	0.025492599999999997	0	600
68	1744408144.6415927	0.426983889	0.001	0.223	1.9430772931539797	0.005065108193350125	0.0254258	0	600
69	1744408145.0445738	0.426784715	0.001	0.216	1.9422146134530176	0.00506447881694243	0.025464999999999998	0	600
70	1744408145.4467592	0.42653311	0.001	0.209	1.9411248400580936	0.005063684070155748	0.0254388	0	600
71	1744408145.8491387	0.426025121	0.001	0.201	1.9389245940490158	0.00506208052975676	0.0254944	0	600
72	1744408146.2523897	0.425616894	0.001	0.194	1.937156445865595	0.005060792919671751	0.025456	0	600
73	1744408146.6542377	0.425371744	0.001	0.187	1.936094630926442	0.005060020115193551	0.025477	0	600
74	1744408147.0566728	0.424978191	0.001	0.18	1.934390040044335	0.005058780173514262	0.025467599999999996	0	600
75	1744408147.4602432	0.42462629	0.001	0.173	1.9328658559166463	0.005057672176913843	0.025458799999999997	0	600
76	1744408147.861356	0.424424107	0.001	0.166	1.9319901433739466	0.005057035888337587	0.025497799999999998	0	600
77	1744408148.2642853	0.424024148	0.001	0.159	1.930257806269118	0.005055777837475218	0.025462600000000002	0	600
78	1744408148.666738	0.423518299	0.001	0.152	1.928066829213619	0.005054187965917516	0.025419200000000003	0	600
79	1744408149.069831	0.42301843	0.001	0.145	1.9259017532526992	0.005052618263079158	0.025445600000000002	0	600
80	1744408149.472462	0.422925716	0.001	0.138	1.9255001823358375	0.005052327270171712	0.025503599999999998	0	600
81	1744408149.8767478	0.422585412	0.001	0.131	1.9240262281402285	0.005051259592463949	0.025447200000000003	0	600
82	1744408150.2772183	0.421989369	0.001	0.124	1.9214445950103993	0.0050493910811899466	0.0253474	0	600
83	1744408150.6802325	0.421820014	0.001	0.117	1.92071106994811	0.005048860532118449	0.025449	0	600
84	1744408151.084637	0.421493894	0.001	0.11	1.9192985507233224	0.005047839318439681	0.0253952	0	600
85	1744408151.4861836	0.421039605	0.001	0.103	1.917330894811053	0.005046417728270018	0.025444	0	600
86	1744408151.8964715	0.420702577	0.001	0.095	1.9158711299107354	0.005045363810791906	0.0254812	0	600
87	1744408152.290599	0.42051049	0.001	0.088	1.9150391460387506	0.005044763416278896	0.025440200000000003	0	600
88	1744408152.6922514	0.4199872	0.001	0.081	1.912772627011586	0.005043128829816018	0.0253962	0	600
89	1744408153.0941362	0.419523451	0.001	0.074	1.9107639971269548	0.005041681488914468	0.025389999999999996	0	600
90	1744408153.497179	0.419337473	0.001	0.067	1.9099584730855361	0.005041101392080726	0.025444	0	600
91	1744408153.9006743	0.418998108	0.001	0.06	1.9084885859681562	0.005040043346270616	0.0254606	0	600
92	1744408154.3026078	0.418489162	0.001	0.053	1.9062841949176885	0.005038457783850717	0.025439800000000002	0	600
93	1744408154.7048378	0.418271031	0.001	0.046	1.905339407014395	0.0050377786593092475	0.025382599999999998	0	600
94	1744408155.1091533	0.417944156	0.001	0.039	1.903923617668135	0.005036761465053508	0.0253496	0	600
95	1744408155.5090897	0.417366318	0.001	0.032	1.9014208356130244	0.005034964748839092	0.025378	0	600
96	1744408155.9125934	0.417141581	0.001	0.025	1.9004474352296654	0.005034266455192043	0.025330599999999998	0	600
97	1744408156.3168714	0.416907304	0.001	0.018	1.8994327143710075	0.0050335388165978516	0.0253236	0	600
98	1744408156.7174468	0.416327164	0.001	0.011	1.8969199616938703	0.005031738272861123	0.025296799999999998	0	600
99	1744408157.120647	0.415832428	0.001	0.004	1.8947771182276787	0.005030204264675638	0.0252	0	600
100	1744408157.5218492	0.415600384	0.001	-0.004	1.8937720691322644	0.005029485242475804	0.0251602	0	600
101	1744408157.9242623	0.415205169	0.001	-0.011	1.8920602796516304	0.005028261298621582	0.025021599999999998	0	600
102	1744408158.3283997	0.41468454	0.001	-0.018	1.8898052861784251	0.005026650282629396	0.024908599999999996	0	600
103	1744408158.7292125	0.414086416	0.001	-0.025	1.887214639640934	0.005024801327641009	0.0239816	0	600
104	1744408159.1325026	0.413932682	0.001	-0.032	1.8865487736084812	0.0050243264176712075	0.0230654	0	600
105	1744408159.5341947	0.413606866	0.001	-0.039	1.8851375710948566	0.005023320352349449	0.0233004	0	600
106	1744408159.9370565	0.413069069	0.001	-0.046	1.88280821809126	0.005021661017983637	0.0231062	0	600
107	1744408160.3433013	0.412896299	0.001	-0.053	1.8820599016848254	0.005021128290389715	0.0230592	0	600
108	1744408160.7423673	0.412532717	0.001	-0.06	1.8804851237969722	0.005020007747129835	0.0230222	0	600
109	1744408161.1463165	0.412046623	0.001	-0.067	1.8783797113106062	0.005018510779332921	0.0230746	0	600
110	1744408161.5499878	0.411877152	0.001	-0.074	1.8776456838190574	0.005017989189025515	0.0230742	0	600
111	1744408161.9504535	0.411489603	0.001	-0.081	1.875967097982411	0.005016797010767739	0.0230882	0	600
112	1744408162.3525643	0.410906506	0.001	-0.088	1.8734415376904456	0.005015004869336179	0.023118800000000002	0	600
113	1744408162.7610538	0.410500762	0.001	-0.095	1.8716841440919478	0.0050137589422792695	0.023072199999999998	0	600
114	1744408163.1570678	0.410276571	0.001	-0.103	1.8707131085911373	0.005013070909299501	0.023076599999999996	0	600
115	1744408163.56016	0.409879751	0.001	-0.11	1.8689943673953198	0.0050118537751602955	0.0230538	0	600
116	1744408163.964562	0.409336691	0.001	-0.117	1.8666422188297211	0.005010189521297117	0.0230936	0	600
117	1744408164.3649862	0.409204017	0.001	-0.124	1.8660675696955698	0.00500978318189224	0.0229798	0	600
118	1744408164.7684066	0.408800025	0.001	-0.131	1.864317764511404	0.005008546487849061	0.0231236	0	600
119	1744408165.1703396	0.408308752	0.001	-0.138	1.86218992029112	0.0050070438456109355	0.0230646	0	600
120	1744408165.5727885	0.408138916	0.001	-0.145	1.861454311879919	0.005006524688742639	0.023118200000000002	0	600
121	1744408165.9740603	0.407795915	0.001	-0.152	1.8599686762040288	0.00500547669345194	0.023119800000000003	0	600
122	1744408166.3782122	0.407308179	0.001	-0.159	1.8578561517448702	0.005003987618960201	0.0231062	0	600
123	1744408166.7799084	0.406799156	0.001	-0.166	1.8556514271853248	0.005002434983122497	0.0230748	0	600
124	1744408167.1841261	0.406607531	0.001	-0.173	1.8548214443678044	0.0050018508616287115	0.023109400000000002	0	600
125	1744408167.5853693	0.406216335	0.001	-0.18	1.853127062328494	0.005000659040075131	0.0230276	0	600
126	1744408167.9883668	0.405678984	0.001	-0.187	1.8507996410787741	0.00499902334906911	0.023115200000000002	0	600
127	1744408168.3900065	0.40553729	0.001	-0.194	1.8501859237384177	0.004998592305618057	0.023042800000000002	0	600
128	1744408168.7921867	0.405159214	0.001	-0.201	1.84854836818086	0.004997442726111293	0.0230934	0	600
129	1744408169.196425	0.404703343	0.001	-0.209	1.846573860173001	0.004996057677473229	0.023122	0	600
130	1744408169.5981772	0.404249894	0.001	-0.216	1.8446098425415753	0.0049946811539660395	0.023089199999999997	0	600
131	1744408170.0004003	0.404017371	0.001	-0.223	1.8436027187598227	0.004993975741411106	0.02307	0	600
132	1744408170.4049747	0.403837252	0.001	-0.23	1.8428225717272901	0.0049934295190917945	0.0230568	0	600
133	1744408170.8059034	0.403369893	0.001	-0.237	1.8407983058976038	0.004992013080792653	0.0230612	0	600
134	1744408171.2085466	0.40328512	0.001	-0.244	1.8404311297285774	0.004991756289541994	0.023082799999999997	0	600
135	1744408171.613593	0.402931839	0.001	-0.251	1.8389009684252167	0.004990686582758525	0.0230606	0	600
136	1744408172.0142674	0.402419414	0.001	-0.258	1.8366815088282533	0.004989136259760891	0.023034199999999998	0	600
137	1744408172.4158442	0.401876675	0.001	-0.265	1.8343307506056918	0.004987495849783563	0.023091800000000003	0	600
138	1744408172.8204718	0.401714283	0.001	-0.272	1.8336273842928263	0.004987005351086669	0.023073	0	600
139	1744408173.219864	0.401431917	0.001	-0.279	1.8324043761871407	0.004986152832853895	0.023025800000000003	0	600
140	1744408173.6239235	0.400966996	0.001	-0.286	1.830390670034475	0.0049847501342073575	0.023011000000000004	0	600
141	1744408174.0237362	0.400848654	0.001	-0.293	1.8298780969015798	0.004984393284814439	0.0230556	0	600
142	1744408174.427655	0.40049835	0.001	-0.3	1.8283608298387812	0.004983337443164726	0.0230224	0	600
143	1744408174.8297136	0.39992551	0.001	-0.308	1.8258796955546919	0.004981612369602823	0.0230814	0	600
144	1744408175.2321572	0.399413526	0.001	-0.315	1.823662146055172	0.004980072145196929	0.023078800000000003	0	600
145	1744408175.6370332	0.399229897	0.001	-0.322	1.8228667962062561	0.004979520090634304	0.023029	0	600
146	1744408176.0373185	0.398973822	0.001	-0.329	1.8217576619596982	0.004978750559180838	0.023141000000000002	0	600
147	1744408176.4397652	0.398375411	0.001	-0.336	1.8191657723429189	0.004976953735208188	0.0230626	0	600
148	1744408176.8438594	0.398293103	0.001	-0.343	1.8188092727956546	0.004976706752668622	0.0230442	0	600
149	1744408177.2447362	0.397897085	0.001	-0.35	1.8170940052917854	0.004975518959281313	0.023087999999999997	0	600
150	1744408177.6476138	0.397738118	0.001	-0.35	1.8164054736359325	0.00497504241555241	0.0231356	0	600
151	1744408178.0523508	0.39801116	0.001	-0.343	1.8175880968242508	0.004975861017117948	0.023121800000000005	0	600
152	1744408178.4525676	0.398057086	0.001	-0.336	1.8177870154981057	0.004975998748862245	0.023038999999999997	0	600
153	1744408178.856594	0.398383337	0.001	-0.329	1.8192001021214532	0.004976977520892158	0.0230282	0	600
154	1744408179.2579536	0.398721689	0.001	-0.322	1.8206656016453868	0.004977993240133351	0.0230584	0	600
155	1744408179.6606762	0.398891433	0.001	-0.315	1.82140081157821	0.004978503051552411	0.023061199999999997	0	600
156	1744408180.064456	0.399102398	0.001	-0.308	1.8223145614808756	0.004979136896303125	0.023039200000000003	0	600
157	1744408180.4658756	0.399537403	0.001	-0.3	1.8241986928600566	0.0049804446726516545	0.0231406	0	600
158	1744408180.8683813	0.400016728	0.001	-0.293	1.826274786866622	0.004981886941859007	0.0230188	0	600
159	1744408181.2724884	0.400141101	0.001	-0.286	1.8268134819897193	0.00498226138937835	0.0230752	0	600
160	1744408181.6761897	0.40041746	0.001	-0.279	1.8280104720560844	0.004983093734257199	0.0231178	0	600
161	1744408182.0782003	0.400910419	0.001	-0.272	1.8301456188257763	0.004984579521524297	0.023077399999999998	0	600
162	1744408182.4784358	0.40105536	0.001	-0.265	1.8307733998541091	0.004985016639731325	0.023016	0	600
163	1744408182.8801262	0.401369427	0.001	-0.258	1.8321337140800726	0.004985964224632064	0.023132399999999997	0	600
164	1744408183.2839158	0.401772864	0.001	-0.251	1.8338811154001098	0.004987182275414482	0.023128	0	600
165	1744408183.6856542	0.402238598	0.001	-0.244	1.835898342888878	0.004988589563624637	0.023070800000000002	0	600
166	1744408184.0889108	0.402358435	0.001	-0.237	1.836417391295418	0.004988951869342514	0.0230676	0	600
167	1744408184.4922917	0.40273221	0.001	-0.23	1.838036317988797	0.004990082435256926	0.0230568	0	600
168	1744408184.8937244	0.403231034	0.001	-0.223	1.8401968677550957	0.0049915924755235775	0.023136200000000003	0	600
169	1744408185.2962666	0.403304764	0.001	-0.216	1.8405162135248847	0.0049918157907950025	0.023017799999999998	0	600
170	1744408185.6978507	0.403621129	0.001	-0.209	1.8418864810477287	0.004992774355011931	0.023127400000000003	0	600
171	1744408186.1010501	0.404089207	0.001	-0.201	1.8439138610725658	0.004994193639919848	0.0229716	0	600
172	1744408186.5040472	0.404537855	0.001	-0.194	1.845857084196454	0.0049955551749271245	0.023062199999999998	0	600
173	1744408186.9060404	0.404653855	0.001	-0.187	1.8463595134558533	0.004995907391446778	0.023083	0	600
174	1744408187.3081677	0.405047006	0.001	-0.18	1.848062363160699	0.00499710170146703	0.023015400000000002	0	600
175	1744408187.7120714	0.405501545	0.001	-0.173	1.8500311018946485	0.004998483584643826	0.023046599999999997	0	600
176	1744408188.113169	0.40558425	0.001	-0.166	1.85038932096274	0.004998735148787683	0.0230874	0	600
177	1744408188.5171118	0.405912977	0.001	-0.159	1.8518131318520037	0.00499973542102883	0.0229996	0	600
178	1744408188.9204566	0.406438563	0.001	-0.152	1.8540895955134749	0.005001335976173699	0.0231068	0	600
179	1744408189.3208475	0.40694894	0.001	-0.145	1.8563001846352376	0.005002891706781149	0.023087599999999996	0	600
180	1744408189.724007	0.407138072	0.001	-0.138	1.8571193695549681	0.005003468591556486	0.023099200000000004	0	600
181	1744408190.1257603	0.407354986	0.001	-0.131	1.8580588862823244	0.0050041304642218795	0.0230396	0	600
182	1744408190.528661	0.407911535	0.001	-0.124	1.860469459574475	0.005005829881505908	0.0230544	0	600
183	1744408190.9321332	0.408143237	0.001	-0.117	1.8614730273698314	0.005006537895220568	0.0231098	0	600
184	1744408191.3358994	0.408406243	0.001	-0.11	1.8626121817646384	0.005007341930602471	0.0230424	0	600
185	1744408191.735914	0.408925683	0.001	-0.103	1.8648620253379349	0.005008931051994028	0.0230576	0	600
186	1744408192.1560516	0.409070042	0.001	-0.095	1.8654872855573974	0.005009372958164109	0.023101	0	600
187	1744408192.541823	0.409421691	0.001	-0.088	1.8670103782008327	0.005010449901896677	0.0230476	0	600
188	1744408192.9442093	0.409966889	0.001	-0.081	1.8693717870574365	0.005012120970954544	0.023046	0	600
189	1744408193.347873	0.410468447	0.001	-0.074	1.8715441785616247	0.005013659751511278	0.023031799999999998	0	600
190	1744408193.7482383	0.410718764	0.001	-0.067	1.8726283732592546	0.005014428251311179	0.023086600000000002	0	600
191	1744408194.1517982	0.411033495	0.001	-0.06	1.8739915634595996	0.005015395006520816	0.023049399999999998	0	600
192	1744408194.5537007	0.411572618	0.001	-0.053	1.8763266597493855	0.005017052310898938	0.023081800000000003	0	600
193	1744408194.9561152	0.411695476	0.001	-0.046	1.8768587929731035	0.005017430212835683	0.023068200000000004	0	600
194	1744408195.3603966	0.41207208	0.001	-0.039	1.8784899728766107	0.005018589143607577	0.0230366	0	600
195	1744408195.761321	0.412512245	0.001	-0.032	1.8803964536952618	0.0050199446752743244	0.0231406	0	600
196	1744408196.1636212	0.412684431	0.001	-0.025	1.8811422406302527	0.00502047523319664	0.0230422	0	600
197	1744408196.567992	0.413026431	0.001	-0.018	1.882623540688137	0.005021529530397693	0.0230366	0	600
198	1744408196.967845	0.413511364	0.001	-0.011	1.8847239245506224	0.0050230255701163426	0.0230672	0	600
199	1744408197.3714316	0.414075441	0.001	-0.004	1.8871671037691933	0.0050247674196780175	0.0230434	0	600
200	1744408197.7732036	0.414272398	0.001	0.004	1.8880201810074995	0.005025376032750345	0.0229798	0	600
201	1744408198.1763823	0.414604385	0.001	0.011	1.8894581118914668	0.005026402387554218	0.022949000000000004	0	600
202	1744408198.5799668	0.415220268	0.001	0.018	1.8921256777498001	0.005028308042888074	0.0231134	0	600
203	1744408198.9821703	0.415778043	0.001	0.025	1.894541561199468	0.005030035718029902	0.024316800000000003	0	600
204	1744408199.3850262	0.415898311	0.001	0.032	1.8950624763905841	0.005030408467178171	0.0250478	0	600
205	1744408199.787412	0.416318172	0.001	0.039	1.8968810147636932	0.005031710379625861	0.0252138	0	600
206	1744408200.189578	0.41678395	0.001	0.046	1.898898432829077	0.0050331558146694735	0.025285000000000002	0	600
207	1744408200.5920267	0.416985089	0.001	0.053	1.8997696235084418	0.005033780374585301	0.0252492	0	600
208	1744408200.993535	0.4173767	0.001	0.06	1.9014658030317406	0.0050349970141141025	0.025311800000000002	0	600
209	1744408201.396193	0.417951488	0.001	0.067	1.903955374662358	0.005036784274856196	0.025341000000000002	0	600
210	1744408201.7998455	0.418070331	0.001	0.074	1.9044701177698997	0.005037154036027805	0.025236599999999998	0	600
211	1744408202.2061427	0.418412508	0.001	0.081	1.9059521844655332	0.005038219100955663	0.025365	0	600
212	1744408202.605863	0.419072106	0.001	0.088	1.9088090925227859	0.00504027399738424	0.025264599999999998	0	600
213	1744408203.0154405	0.419525526	0.001	0.095	1.9107729845468966	0.005041687962264726	0.025247	0	600
214	1744408203.4096673	0.419760532	0.001	0.103	1.9117908629135727	0.0050424212607555995	0.025274799999999997	0	600
215	1744408203.8117619	0.420097247	0.001	0.11	1.9132492721211471	0.005043472455542599	0.025297200000000002	0	600
216	1744408204.2156873	0.420617116	0.001	0.117	1.9155009738164464	0.005045096665569181	0.025325200000000003	0	600
217	1744408204.6160939	0.420754623	0.001	0.124	1.9160965560593102	0.005045526522676319	0.0253168	0	600
218	1744408205.0195963	0.421077908	0.001	0.131	1.9174967960862492	0.0050465375447382305	0.025374400000000002	0	600
219	1744408205.4215403	0.421564441	0.001	0.138	1.9196041100074852	0.005048060180200811	0.0252934	0	600
220	1744408205.8245425	0.421734887	0.001	0.145	1.920342360503585	0.005048593908786128	0.0253616	0	600
221	1744408206.2275593	0.422021655	0.001	0.152	1.9215844349334077	0.005049492243416574	0.025321	0	600
222	1744408206.629295	0.422576694	0.001	0.159	1.9239884679826125	0.005051232248734656	0.0253664	0	600
223	1744408207.0319102	0.422998992	0.001	0.166	1.9258175617014561	0.005052557250919767	0.0253412	0	600
224	1744408207.4360573	0.423272004	0.001	0.173	1.9270000549511725	0.005053414372622154	0.025395	0	600
225	1744408207.8371458	0.423633029	0.001	0.18	1.9285637577388852	0.005054548437049622	0.0252708	0	600
226	1744408208.2391458	0.424101838	0.001	0.187	1.9305943039343143	0.005056022139121783	0.0252882	0	600
227	1744408208.6410797	0.424325498	0.001	0.194	1.9315630395218768	0.00505672563761364	0.025457799999999996	0	600
228	1744408209.043507	0.424647505	0.001	0.201	1.9329577441643888	0.005057738955403731	0.0254834	0	600
229	1744408209.4485958	0.425198338	0.001	0.209	1.935343559821654	0.005059473672267877	0.0252934	0	600
230	1744408209.8490903	0.425635129	0.001	0.216	1.9372354268789151	0.005060850416285517	0.0253952	0	600
231	1744408210.2517996	0.425880159	0.001	0.223	1.9382967220636618	0.0050616231937153575	0.025314600000000003	0	600
232	1744408210.6556063	0.426357717	0.001	0.23	1.9403651626865952	0.005063130258329547	0.025356200000000002	0	600
233	1744408211.057394	0.42678786	0.001	0.237	1.9422282353497489	0.0050644887532561465	0.025359399999999997	0	600
234	1744408211.4594414	0.427005687	0.001	0.244	1.9431717065418797	0.005065177086638544	0.025397999999999997	0	600
235	1744408211.8655787	0.427316266	0.001	0.251	1.9445169132397675	0.0050661589618720936	0.0253996	0	600
236	1744408212.265773	0.427830609	0.001	0.258	1.9467446802446575	0.005067786174742993	0.0252668	0	600
237	1744408212.669146	0.428345086	0.001	0.265	1.948973027641968	0.005069415246281621	0.025356599999999997	0	600
238	1744408213.0693467	0.428546038	0.001	0.272	1.9498434083707166	0.005070051942420098	0.0253894	0	600
239	1744408213.4721546	0.428947235	0.001	0.279	1.951581107608503	0.005071323748508934	0.0253878	0	600
240	1744408213.879921	0.429351374	0.001	0.286	1.9533315494918169	0.005072605761191249	0.025336000000000004	0	600
241	1744408214.2774346	0.429562603	0.001	0.293	1.9542464428541761	0.005073276174738513	0.025307399999999997	0	600
242	1744408214.67929	0.429930724	0.001	0.3	1.9558408804524463	0.005074445119379731	0.025394	0	600
243	1744408215.083415	0.430410791	0.001	0.308	1.9579201882737574	0.005075970640676563	0.0255728	0	600
244	1744408215.4839628	0.43094483	0.001	0.315	1.960233264301864	0.005077669131041234	0.025397999999999997	0	600
245	1744408215.887405	0.431058249	0.001	0.322	1.9607245145102419	0.0050780300537227865	0.0253942	0	600
246	1744408216.2898042	0.431455923	0.001	0.329	1.9624469546249177	0.00507929608202087	0.0253754	0	600
247	1744408216.6921034	0.431947102	0.001	0.336	1.9645743917042497	0.005080860966590891	0.025393	0	600
248	1744408217.09524	0.432068248	0.001	0.343	1.9650991097651047	0.00508124713442804	0.025369800000000005	0	600
249	1744408217.495751	0.432435556	0.001	0.35	1.9666900260272726	0.0050824184564314725	0.025440199999999996	0	600
