	t	Vhall	err_Vhall	I_fuente	B	err_B	Vdiodo	err_Vdiodo	frec_TTL
0	1744823230.2311687	0.736253591	0.001	0.0	3.2826130460033136	0.006256431509596372	0.007564800000000001	0	600
1	1744823230.45553	0.736500721	0.001	0.006	3.28368343689017	0.006257521921566926	0.007514199999999999	0	600
2	1744823230.8562815	0.736656197	0.001	0.0121	3.2843568480240872	0.006258208018626004	0.0075214	0	600
3	1744823231.259485	0.736803894	0.001	0.0181	3.284996566078618	0.006258859852337084	0.0075457	0	600
4	1744823231.660255	0.736981643	0.001	0.0241	3.285766447961626	0.0062596443982930496	0.007568500000000001	0	600
5	1744823232.0626729	0.737232985	0.001	0.0302	3.286855082228143	0.006260753923082889	0.0075983	0	600
6	1744823232.4671812	0.737609825	0.001	0.0362	3.288487284315316	0.006262417786863137	0.0076071	0	600
7	1744823232.8690095	0.737781917	0.001	0.0422	3.289232664109355	0.006263177761360572	0.0076334	0	600
8	1744823233.2710526	0.737865994	0.001	0.0483	3.289596825702825	0.00626354908424879	0.0076393	0	600
9	1744823233.6758208	0.738034794	0.001	0.0543	3.290327946900986	0.006264294644339352	0.007636799999999999	0	600
10	1744823234.0758183	0.738334577	0.001	0.0603	3.291626393027456	0.006265618935027632	0.0076379	0	600
11	1744823234.4791305	0.738737653	0.001	0.0664	3.2933722307529876	0.00626739992860309	0.007640400000000001	0	600
12	1744823234.8806753	0.738810517	0.001	0.0724	3.2936878256284774	0.006267721928305249	0.0076542	0	600
13	1744823235.2835047	0.73910955	0.001	0.0784	3.2949830232899084	0.006269043570618055	0.0076534	0	600
14	1744823235.6874223	0.739207917	0.001	0.0845	3.295409078970592	0.006269478381258189	0.0076514	0	600
15	1744823236.088279	0.739481194	0.001	0.0905	3.2965927200112897	0.006270686490155184	0.0076462000000000006	0	600
16	1744823236.4928803	0.739926604	0.001	0.0965	3.2985219184287815	0.006272656026312589	0.0076685	0	600
17	1744823236.897089	0.740079065	0.001	0.1026	3.2991822707332408	0.006273330316291509	0.0076682	0	600
18	1744823237.2971606	0.740273758	0.001	0.1086	3.3000255419384152	0.006274191482514512	0.0076673	0	600
19	1744823237.698773	0.74047209	0.001	0.1146	3.30088457469596	0.006275068856107269	0.0076728000000000005	0	600
20	1744823238.1008117	0.740692262	0.001	0.1207	3.301838202755447	0.00627604297622427	0.0076714	0	600
21	1744823238.5069017	0.741124776	0.001	0.1267	3.3037115448994117	0.006277956976534736	0.0076727	0	600
22	1744823238.907102	0.74134622	0.001	0.1327	3.3046706823556047	0.006278937137186135	0.0076707	0	600
23	1744823239.3079658	0.741464601	0.001	0.1388	3.305183424408682	0.006279461175294719	0.0076633	0	600
24	1744823239.710653	0.741522482	0.001	0.1448	3.305434123615262	0.006279717412111765	0.0076854	0	600
25	1744823240.1154687	0.741805364	0.001	0.1508	3.3066593666648947	0.006280969856449211	0.007683	0	600
26	1744823240.5159504	0.742170138	0.001	0.1569	3.3082393074465166	0.006282585209411161	0.007689	0	600
27	1744823240.918786	0.742288617	0.001	0.1629	3.3087524739656926	0.00628310995931578	0.0076767	0	600
28	1744823241.3234942	0.742670767	0.001	0.1689	3.3104076751853433	0.0062848027944138515	0.0076962	0	600
29	1744823241.7227957	0.742761745	0.001	0.175	3.3108017269884606	0.006285205866855834	0.007679	0	600
30	1744823242.1271305	0.742822739	0.001	0.175	3.3110659094905968	0.006285476110198274	0.007704600000000001	0	600
31	1744823242.5288165	0.74283713	0.001	0.169	3.3111282410377694	0.006285539873288959	0.0076908	0	600
32	1744823242.9311483	0.742558387	0.001	0.1631	3.3099209251838664	0.0062843049342042245	0.0076971999999999995	0	600
33	1744823243.335162	0.742581706	0.001	0.1572	3.3100219264588655	0.006284408237910317	0.007683600000000001	0	600
34	1744823243.7363472	0.742394259	0.001	0.1513	3.309210039757257	0.006283577887128492	0.007688100000000001	0	600
35	1744823244.1385634	0.742293493	0.001	0.1453	3.308773593319734	0.006283131556239296	0.0076884	0	600
36	1744823244.542904	0.741856888	0.001	0.1394	3.306882531881803	0.006281198000631969	0.0076826	0	600
37	1744823244.9440613	0.741542641	0.001	0.1335	3.3055214380242295	0.006279806657420643	0.007678700000000001	0	600
38	1744823245.3467786	0.741569609	0.001	0.1275	3.3056382441644665	0.006279926048461257	0.007680299999999999	0	600
39	1744823245.7488976	0.74127973	0.001	0.1216	3.304382695101661	0.00627864282289499	0.0076822	0	600
40	1744823246.151232	0.741188513	0.001	0.1157	3.3039876081210178	0.006278239076416986	0.0076776	0	600
41	1744823246.5549743	0.740976763	0.001	0.1097	3.303070458158278	0.00627730191587246	0.0076916	0	600
42	1744823246.9595456	0.740543025	0.001	0.1038	3.3011918145193695	0.006275382682948657	0.007675799999999999	0	600
43	1744823247.3609624	0.740519031	0.001	0.0979	3.301087889625835	0.006275276528366358	0.0076905	0	600
44	1744823247.7628613	0.740208061	0.001	0.0919	3.29974098939484	0.006273900879387683	0.007685399999999999	0	600
45	1744823248.164426	0.740126743	0.001	0.086	3.2993887778214277	0.006273541195642145	0.0076683	0	600
46	1744823248.566712	0.739802385	0.001	0.0801	3.297983890323839	0.00627210669148681	0.007680200000000001	0	600
47	1744823248.9707613	0.739520627	0.001	0.0741	3.296763515640478	0.006270860834064166	0.007676199999999999	0	600
48	1744823249.371129	0.739407916	0.001	0.0682	3.2962753319830975	0.0062703625202071185	0.0076801	0	600
49	1744823249.774718	0.739104843	0.001	0.0623	3.2949626359233224	0.006269022765008959	0.007672500000000001	0	600
50	1744823250.176011	0.73897503	0.001	0.0563	3.2944003786004736	0.00626844899810336	0.0076544000000000004	0	600
51	1744823250.5792952	0.738557299	0.001	0.0504	3.2925910658680757	0.006266602975851335	0.007666000000000001	0	600
52	1744823250.9830682	0.738117207	0.001	0.0445	3.2906849012333557	0.006264658677867546	0.0076660999999999995	0	600
53	1744823251.3847566	0.737996695	0.001	0.0386	3.29016292920828	0.006264126360569171	0.0076493	0	600
54	1744823251.7861376	0.737832414	0.001	0.0326	3.2894513810948025	0.006263400777015098	0.00763	0	600
55	1744823252.1905613	0.737669458	0.001	0.0267	3.2887455719362273	0.006262681122181795	0.007631900000000001	0	600
56	1744823252.5915515	0.737431446	0.001	0.0208	3.2877146737216747	0.006261630138184389	0.0076291	0	600
57	1744823252.9946408	0.73714504	0.001	0.0148	3.2864741672176443	0.006260365677778846	0.007605499999999999	0	600
58	1744823253.396093	0.736914961	0.001	0.0089	3.2854776291006322	0.006259350067594724	0.0075577000000000005	0	600
59	1744823253.7996404	0.736608672	0.001	0.003	3.2841510036227692	0.006257998289079275	0.007537299999999999	0	600
60	1744823254.2030756	0.736465462	0.001	-0.003	3.2835307200517465	0.006257366337484218	0.0076024	0	600
61	1744823254.6043794	0.736166189	0.001	-0.0089	3.282234482881503	0.006256045907772148	0.0074623	0	600
62	1744823255.0066912	0.736101162	0.001	-0.0148	3.2819528323000293	0.006255759034684741	0.007399899999999999	0	600
63	1744823255.4106305	0.735781315	0.001	-0.0208	3.28056748323683	0.006254348175213624	0.007111700000000001	0	600
64	1744823255.8098354	0.735351639	0.001	-0.0267	3.2787064332845746	0.006252453319540284	0.0066288	0	600
65	1744823256.214042	0.735187708	0.001	-0.0326	3.2779964011214484	0.006251730530165182	0.006620100000000001	0	600
66	1744823256.6163588	0.734921391	0.001	-0.0386	3.276842905836315	0.006250556475377257	0.0066262000000000005	0	600
67	1744823257.018757	0.734822043	0.001	-0.0445	3.27641260116336	0.00625011855357749	0.0066193	0	600
68	1744823257.4233932	0.734606282	0.001	-0.0504	3.2754780784095905	0.006249167586425203	0.0066235	0	600
69	1744823257.8239186	0.734180248	0.001	-0.0563	3.273632803003565	0.0062472902358245794	0.0066257	0	600
70	1744823258.2259011	0.733962343	0.001	-0.0623	3.27268899397107	0.0062463302241869455	0.0066314	0	600
71	1744823258.6301837	0.733692075	0.001	-0.0682	3.27151838577211	0.006245139710863926	0.0066288	0	600
72	1744823259.030977	0.733591512	0.001	-0.0741	3.271082818585791	0.0062446967912630135	0.0066485	0	600
73	1744823259.434435	0.733251945	0.001	-0.0801	3.2696120565484943	0.006243201419180194	0.0066508999999999995	0	600
74	1744823259.8357098	0.732939852	0.001	-0.086	3.268260292282514	0.006241827330887492	0.0066373000000000005	0	600
75	1744823260.2393472	0.732767972	0.001	-0.0919	3.267515830721259	0.006241070695409209	0.0066359	0	600
76	1744823260.6425123	0.732421271	0.001	-0.0979	3.266014169284509	0.006239544738790476	0.0066231	0	600
77	1744823261.0443764	0.732298429	0.001	-0.1038	3.2654821053613783	0.006239004150431515	0.0066416	0	600
78	1744823261.4459388	0.732059505	0.001	-0.1097	3.264447257013338	0.006237952847885531	0.0066356	0	600
79	1744823261.850805	0.731667046	0.001	-0.1157	3.262747404558901	0.006236226327785766	0.006638100000000001	0	600
80	1744823262.251534	0.731487307	0.001	-0.1216	3.261968903415322	0.006235435762933345	0.0066468	0	600
81	1744823262.6551871	0.731170716	0.001	-0.1275	3.26059765702168	0.006234043496290494	0.0066252	0	600
82	1744823263.059264	0.73112731	0.001	-0.1335	3.2604096531903566	0.006233852633241544	0.0066511	0	600
83	1744823263.459647	0.730922838	0.001	-0.1394	3.2595240263323575	0.0062329536113293295	0.0066414	0	600
84	1744823263.8632803	0.730479494	0.001	-0.1453	3.2576037763532266	0.006231004736191609	0.0066525	0	600
85	1744823264.2664447	0.730333846	0.001	-0.1513	3.2569729331051835	0.0062303646140406625	0.006658600000000001	0	600
86	1744823264.666376	0.729982736	0.001	-0.1572	3.2554521750252894	0.006228821742008347	0.0066468	0	600
87	1744823265.0706787	0.729851536	0.001	-0.1631	3.254883910207762	0.006228245306187131	0.0066466	0	600
88	1744823265.4708178	0.729543792	0.001	-0.169	3.2535509827077225	0.006226893409978395	0.006651199999999999	0	600
89	1744823265.8760288	0.729476685	0.001	-0.175	3.253260323049873	0.006226598650732977	0.006644	0	600
90	1744823266.2778187	0.729401923	0.001	-0.175	3.25293650739219	0.006226270283341666	0.0066511	0	600
91	1744823266.6792831	0.72936994	0.001	-0.169	3.2527979798490576	0.006226129813567958	0.0066566	0	600
92	1744823267.0837896	0.729691773	0.001	-0.1631	3.2541919308476808	0.00622754344482933	0.006649300000000001	0	600
93	1744823267.4874964	0.729792091	0.001	-0.1572	3.254626436868753	0.0062279841472213755	0.006640399999999999	0	600
94	1744823267.8989112	0.729979871	0.001	-0.1513	3.2554397658888394	0.006228809153905784	0.0066425999999999985	0	600
95	1744823268.2901797	0.730143547	0.001	-0.1453	3.256148693573852	0.00622952834425415	0.006641800000000001	0	600
96	1744823268.6921682	0.730310272	0.001	-0.1394	3.256870827352071	0.006230261012260417	0.0066338000000000005	0	600
97	1744823269.0943017	0.730614101	0.001	-0.1335	3.2581867978646057	0.006231596388222673	0.0066322	0	600
98	1744823269.4986105	0.730701672	0.001	-0.1275	3.258566092973872	0.0062319813264375065	0.0066276	0	600
99	1744823269.899677	0.730969569	0.001	-0.1216	3.259726431692021	0.006233159067320443	0.0066249	0	600
100	1744823270.3024507	0.730973011	0.001	-0.1157	3.259741339980908	0.006233174200557018	0.006638	0	600
101	1744823270.7038848	0.731293279	0.001	-0.1097	3.2611285125158154	0.006234582454810542	0.006646299999999999	0	600
102	1744823271.1068118	0.731613149	0.001	-0.1038	3.2625139611986094	0.006235989257102898	0.006660000000000001	0	600
103	1744823271.5102525	0.731771112	0.001	-0.0979	3.2631981442425966	0.006236684095127827	0.0066304	0	600
104	1744823271.9147007	0.73203741	0.001	-0.0919	3.264351557233282	0.006237855634849854	0.0066302	0	600
105	1744823272.315069	0.732199307	0.001	-0.086	3.265052779559222	0.006238567978168291	0.006651800000000001	0	600
106	1744823272.7180665	0.732476548	0.001	-0.0801	3.2662535898204728	0.0062397880094907845	0.0066569	0	600
107	1744823273.1195416	0.732715927	0.001	-0.0741	3.2672904089039707	0.00624084160426031	0.0066314	0	600
108	1744823273.5218847	0.732779521	0.001	-0.0682	3.2675658527515763	0.006241121532745236	0.0066302	0	600
109	1744823273.9262178	0.733084961	0.001	-0.0623	3.2688888009670154	0.006242466184084377	0.0066401	0	600
110	1744823274.327102	0.733265962	0.001	-0.0563	3.269672768194434	0.00624326314009121	0.006647499999999999	0	600
111	1744823274.730114	0.733611219	0.001	-0.0504	3.271168175253162	0.0062447835864506114	0.006632300000000001	0	600
112	1744823275.1321342	0.733850547	0.001	-0.0445	3.272204773441037	0.006245837744275476	0.0066244	0	600
113	1744823275.5350912	0.734008138	0.001	-0.0386	3.2728873452463647	0.006246531969200585	0.0066332000000000006	0	600
114	1744823275.9383569	0.734340237	0.001	-0.0326	3.2743257612344445	0.0062479951777254066	0.0066273	0	600
115	1744823276.3402474	0.734475304	0.001	-0.0267	3.2749107751377147	0.006248590366208766	0.0066329	0	600
116	1744823276.7428637	0.734754327	0.001	-0.0208	3.2761193037518987	0.006249820080647841	0.0066275	0	600
117	1744823277.1478975	0.735125334	0.001	-0.0148	3.27772624144364	0.00625145553688326	0.006633699999999999	0	600
118	1744823277.5500746	0.735261601	0.001	-0.0089	3.278316452890973	0.006252056322729195	0.0066304	0	600
119	1744823277.9518774	0.73571077	0.001	-0.003	3.280261932615241	0.006254037037759603	0.0066478	0	600
120	1744823278.3513155	0.735770302	0.001	0.003	3.2805197827761945	0.006254299601629661	0.0066705	0	600
121	1744823278.7613199	0.736155611	0.001	0.0089	3.2821886665305904	0.006255999241041621	0.0067131	0	600
122	1744823279.1581464	0.736347892	0.001	0.0148	3.283021490672198	0.006256847573245569	0.006751200000000001	0	600
123	1744823279.5601737	0.736601615	0.001	0.0208	3.284120437732393	0.006257967146837079	0.0071346	0	600
124	1744823279.9627988	0.736977952	0.001	0.0267	3.2857504611823467	0.006259628106086629	0.007561	0	600
125	1744823280.3659275	0.737109633	0.001	0.0326	3.2863208093487857	0.006260209374984955	0.0075988	0	600
126	1744823280.7670505	0.73734792	0.001	0.0386	3.2873528986671867	0.006261261352977452	0.007615499999999999	0	600
127	1744823281.1707585	0.737541099	0.001	0.0445	3.2881896123042686	0.006262114310139842	0.007639	0	600
128	1744823281.5743318	0.73770786	0.001	0.0504	3.288911902008809	0.006262850708239209	0.0076357000000000005	0	600
129	1744823281.9745166	0.738043089	0.001	0.0563	3.29036387492432	0.006264331284012744	0.007645000000000002	0	600
130	1744823282.37806	0.738196825	0.001	0.0623	3.2910297496193452	0.006265010383873008	0.0076834	0	600
131	1744823282.7827485	0.738492199	0.001	0.0682	3.2923090991026713	0.006266315333253818	0.0076552999999999986	0	600
132	1744823283.1826367	0.738685971	0.001	0.0741	3.2931483811927778	0.006267171545361632	0.007658	0	600
133	1744823283.5861647	0.739066298	0.001	0.0801	3.29479568647674	0.006268852393017117	0.007675799999999999	0	600
134	1744823283.9880242	0.739457054	0.001	0.086	3.2964881627498936	0.00627057976291206	0.0076871	0	600
135	1744823284.3903103	0.73952658	0.001	0.0919	3.2967892997903165	0.006270887154266359	0.007673200000000001	0	600
136	1744823284.7939281	0.739797105	0.001	0.0979	3.2979610211299626	0.006272083342671829	0.007676999999999999	0	600
137	1744823285.1948626	0.73992999	0.001	0.1038	3.2985365841656122	0.006272671000869194	0.0076817	0	600
138	1744823285.5983572	0.740280697	0.001	0.1097	3.300055596736958	0.00627422217710326	0.007694100000000001	0	600
139	1744823285.9996903	0.740719177	0.001	0.1157	3.3019547793374877	0.00627616206735696	0.007688400000000001	0	600
140	1744823286.4029498	0.740764857	0.001	0.1216	3.3021526325148103	0.0062763641929489845	0.007693	0	600
141	1744823286.8060863	0.741024397	0.001	0.1275	3.303276774669849	0.006277512722695704	0.0077147000000000006	0	600
142	1744823287.2077553	0.741130755	0.001	0.1335	3.303737441662704	0.006277983439088892	0.007683199999999999	0	600
143	1744823287.6107502	0.741420787	0.001	0.1394	3.3049936534123776	0.0062792672188590705	0.0076860999999999995	0	600
144	1744823288.0162075	0.741856785	0.001	0.1453	3.3068820857592702	0.006281197544548603	0.007696400000000001	0	600
145	1744823288.4179516	0.741959628	0.001	0.1513	3.3073275282793086	0.006281652947760179	0.007698099999999999	0	600
146	1744823288.8178267	0.742227187	0.001	0.1572	3.3084864030225467	0.006282837877535211	0.0077094	0	600
147	1744823289.2228892	0.742323443	0.001	0.1631	3.3089033153569667	0.0062832642131492285	0.0077001	0	600
148	1744823289.6260939	0.742531982	0.001	0.169	3.309806557558052	0.0062841879613135775	0.007706	0	600
149	1744823290.0264478	0.742692189	0.001	0.175	3.3105004600094365	0.006284897701151895	0.0076983	0	600
