	t	Vhall	err_Vhall	I_fuente	B	err_B	Vdiodo	err_Vdiodo	frec_TTL
0	1744823751.8933408	0.736043675	0.001	0.0	3.2817038396204166	0.006255505435207602	0.007571799999999999	0	600
1	1744823752.1132205	0.736279319	0.001	0.006	3.282724481348019	0.006256545021074672	0.0075160999999999995	0	600
2	1744823752.5175586	0.736357623	0.001	0.0121	3.2830636384232608	0.006256890508663817	0.0075301	0	600
3	1744823752.9191668	0.736608838	0.001	0.0181	3.284151722616364	0.006257999021631973	0.0075436	0	600
4	1744823753.3216763	0.73661467	0.001	0.0241	3.2841769826805094	0.0062580247581120315	0.007564099999999999	0	600
5	1744823753.7251074	0.736908538	0.001	0.0302	3.2854498092460367	0.006259321717499732	0.007576899999999999	0	600
6	1744823754.126147	0.737389885	0.001	0.0362	3.287534661114348	0.0062614466349477345	0.0076053	0	600
7	1744823754.5293112	0.737422965	0.001	0.0422	3.287677940079011	0.0062615926918355	0.0075997999999999994	0	600
8	1744823754.9309638	0.737633733	0.001	0.0483	3.288590836718193	0.006262523361756884	0.007593999999999999	0	600
9	1744823755.3341208	0.737623241	0.001	0.0543	3.2885453928579373	0.0062624770301265	0.007634200000000001	0	600
10	1744823755.737511	0.737898602	0.001	0.0603	3.289738060300157	0.006263693101709385	0.0076221	0	600
11	1744823756.1387973	0.738292579	0.001	0.0664	3.291444487647833	0.006265433393430941	0.007645399999999999	0	600
12	1744823756.5417793	0.738417274	0.001	0.0724	3.2919845774452536	0.006265984294200789	0.0076293	0	600
13	1744823756.9451964	0.738687957	0.001	0.0784	3.2931569831282017	0.006267180321372763	0.007648500000000001	0	600
14	1744823757.3608925	0.738761071	0.001	0.0845	3.293473660825372	0.006267503415484484	0.0076487	0	600
15	1744823757.7511933	0.738971122	0.001	0.0905	3.294383451931976	0.006268431725689119	0.007649500000000001	0	600
16	1744823758.150492	0.739403061	0.001	0.0965	3.296254303586077	0.006270341056270848	0.007652299999999999	0	600
17	1744823758.5536933	0.739415986	0.001	0.1026	3.2963102854669195	0.006270398197795246	0.007667499999999999	0	600
18	1744823758.957571	0.739800234	0.001	0.1086	3.297974573726106	0.006272097179488356	0.007667099999999999	0	600
19	1744823759.3591187	0.739885546	0.001	0.1146	3.2983440844586744	0.006272474450260404	0.0076681	0	600
20	1744823759.7607434	0.74016397	0.001	0.1207	3.299550018632114	0.006273705854833212	0.0076735000000000015	0	600
21	1744823760.1652389	0.740674758	0.001	0.1267	3.3017623879127185	0.006275965527169033	0.0076909000000000005	0	600
22	1744823760.5654588	0.740671852	0.001	0.1327	3.301749801193513	0.006275952669223828	0.0076838	0	600
23	1744823760.9691699	0.740919311	0.001	0.1388	3.3028216170737	0.006277047667574374	0.007686900000000001	0	600
24	1744823761.3732047	0.740996515	0.001	0.1448	3.303156009733551	0.00627738932862299	0.007681100000000001	0	600
25	1744823761.7742162	0.741373746	0.001	0.1508	3.3047899053538305	0.006279058983184173	0.0076821	0	600
26	1744823762.1773622	0.741785186	0.001	0.1569	3.3065719699614795	0.00628088051192653	0.0076752	0	600
27	1744823762.5792246	0.74179923	0.001	0.1629	3.306632798552161	0.006280942696087577	0.007696	0	600
28	1744823762.9814677	0.742077757	0.001	0.1689	3.3078391788481327	0.006282176076673768	0.0077039	0	600
29	1744823763.3851855	0.742239662	0.001	0.175	3.3085404358243657	0.006282893130129195	0.0076739	0	600
30	1744823763.7865121	0.742290792	0.001	0.175	3.3087618945143062	0.006283119592881798	0.0076901	0	600
31	1744823764.188853	0.742226227	0.001	0.169	3.3084822449872964	0.006282833625650533	0.007704200000000001	0	600
32	1744823764.5931733	0.742024896	0.001	0.1631	3.3076102227008817	0.006281941979225119	0.0076781	0	600
33	1744823764.9940193	0.742041346	0.001	0.1572	3.307681472367409	0.006282014827978913	0.0076966000000000005	0	600
34	1744823765.396661	0.741828499	0.001	0.1513	3.306759570983138	0.006281072295458027	0.0076838	0	600
35	1744823765.799108	0.741614627	0.001	0.1453	3.3058332300299806	0.006280125353947632	0.0076959	0	600
36	1744823766.2016711	0.741285838	0.001	0.1394	3.3044091506009408	0.006278669859091995	0.007686499999999999	0	600
37	1744823766.6049385	0.740845521	0.001	0.1335	3.302502011426708	0.006276721130843649	0.0076785	0	600
38	1744823767.0052834	0.740919215	0.001	0.1275	3.3028212012701754	0.006277047242743492	0.007681599999999999	0	600
39	1744823767.4101336	0.740783878	0.001	0.1216	3.3022350179194913	0.0062764483591290325	0.007674	0	600
40	1744823767.8148081	0.740649685	0.001	0.1157	3.3016537895608136	0.006275854589469458	0.007668700000000002	0	600
41	1744823768.2246156	0.740418787	0.001	0.1097	3.3006537041199793	0.0062748330452744175	0.0077043	0	600
42	1744823768.6166637	0.739953866	0.001	0.1038	3.2986399979673138	0.006272776593209379	0.0076737	0	600
43	1744823769.0182815	0.73986246	0.001	0.0979	3.2982440923734804	0.006272372356202623	0.0076847	0	600
44	1744823769.4205515	0.739536294	0.001	0.0919	3.2968313739095043	0.006270930103324018	0.007668800000000001	0	600
45	1744823769.8244445	0.739433427	0.001	0.086	3.296385827438585	0.006270475305348241	0.0076703	0	600
46	1744823770.225605	0.739216135	0.001	0.0801	3.295444673484849	0.0062695147084532695	0.0076694	0	600
47	1744823770.6299107	0.738856568	0.001	0.0741	3.2938872857131725	0.006267925444170584	0.007676700000000002	0	600
48	1744823771.033519	0.738741406	0.001	0.0682	3.2933884860720437	0.006267416513443348	0.0076691	0	600
49	1744823771.4347985	0.738475297	0.001	0.0623	3.292235891694548	0.006266240654208977	0.007681100000000001	0	600
50	1744823771.8368447	0.738285428	0.001	0.0563	3.2914135146165053	0.006265401801765013	0.0076908	0	600
51	1744823772.2412088	0.738049099	0.001	0.0504	3.290389905957501	0.006264357830783154	0.007655199999999999	0	600
52	1744823772.642446	0.737700217	0.001	0.0445	3.2888787979844163	0.006262816955851237	0.007659800000000001	0	600
53	1744823773.0451803	0.737594503	0.001	0.0386	3.288420920340208	0.006262350127590963	0.0076508999999999995	0	600
54	1744823773.4463012	0.737381238	0.001	0.0326	3.287497208478089	0.006261408456690309	0.007658199999999999	0	600
55	1744823773.849422	0.737127284	0.001	0.0267	3.2863972608906624	0.006260287294172074	0.007613399999999999	0	600
56	1744823774.2544444	0.736865422	0.001	0.0208	3.285263061487862	0.006259131413442597	0.0076013	0	600
57	1744823774.6536174	0.736509445	0.001	0.0148	3.283721223035507	0.006257560417696078	0.007598200000000001	0	600
58	1744823775.0567374	0.736445714	0.001	0.0089	3.2834451858016207	0.006257279198900754	0.0075614	0	600
59	1744823775.4614596	0.736137832	0.001	0.003	3.282111660584014	0.006255920806543818	0.0075236999999999995	0	600
60	1744823775.8617525	0.736008333	0.001	-0.003	3.2815507632851952	0.006255349531422277	0.0074936000000000004	0	600
61	1744823776.264962	0.735607314	0.001	-0.0089	3.2798138350164447	0.00625358077289502	0.007441600000000001	0	600
62	1744823776.6690125	0.735551303	0.001	-0.0148	3.279571235316029	0.0062533337643275125	0.007392	0	600
63	1744823777.0691884	0.735282278	0.001	-0.0208	3.2784060109064606	0.006252147489977048	0.0070893	0	600
64	1744823777.4746485	0.734842297	0.001	-0.0267	3.276500327044566	0.006250207830041862	0.0066205	0	600
65	1744823777.877277	0.734801563	0.001	-0.0326	3.276323896411356	0.006250028282145897	0.0066153	0	600
66	1744823778.27868	0.734487861	0.001	-0.0386	3.2749651631050445	0.006248645702774069	0.0066107	0	600
67	1744823778.6812959	0.734290594	0.001	-0.0445	3.274110743167855	0.006247776433320267	0.0065927	0	600
68	1744823779.0882127	0.733928382	0.001	-0.0504	3.2725418991428072	0.006246180616525625	0.0065953999999999995	0	600
69	1744823779.484519	0.733542672	0.001	-0.0563	3.2708712785424376	0.00624448169097483	0.0066055	0	600
70	1744823779.888702	0.733483319	0.001	-0.0623	3.2706142036818067	0.0062442202988169816	0.006612999999999999	0	600
71	1744823780.289362	0.733181497	0.001	-0.0682	3.269306926061717	0.0062428912248580215	0.006618000000000001	0	600
72	1744823780.6934938	0.733019308	0.001	-0.0741	3.2686044390000557	0.006242177134287939	0.006630700000000001	0	600
73	1744823781.096339	0.732745893	0.001	-0.0801	3.267420200241791	0.006240973507332512	0.0066368	0	600
74	1744823781.4965062	0.732284288	0.001	-0.086	3.2654208566358855	0.006238941923226369	0.006598	0	600
75	1744823781.901039	0.732170889	0.001	-0.0919	3.2649296930532423	0.006238442934067132	0.006609899999999999	0	600
76	1744823782.3019905	0.731879868	0.001	-0.0979	3.263669197661004	0.006237162526585079	0.006638999999999999	0	600
77	1744823782.7055385	0.731715975	0.001	-0.1038	3.262959330086773	0.0062364415536033686	0.006628299999999999	0	600
78	1744823783.1093657	0.731437551	0.001	-0.1097	3.2617533959133334	0.006235216932526827	0.0066281	0	600
79	1744823783.5094366	0.731030243	0.001	-0.1157	3.259989228182407	0.00623342583414415	0.006625799999999999	0	600
80	1744823783.9121714	0.730994027	0.001	-0.1216	3.259832366302594	0.006233266601102398	0.0066387	0	600
81	1744823784.3168812	0.730763511	0.001	-0.1275	3.2588339354132856	0.006232253167271181	0.006628200000000001	0	600
82	1744823784.7176647	0.730677923	0.001	-0.1335	3.2584632292455833	0.006231876930105939	0.0066499	0	600
83	1744823785.1207786	0.730354381	0.001	-0.1394	3.257061876077958	0.0062304548615042185	0.0066274	0	600
84	1744823785.5217524	0.729986529	0.001	-0.1453	3.2554686035958147	0.006228838407550632	0.006632000000000001	0	600
85	1744823785.9255848	0.729777567	0.001	-0.1513	3.254563529260447	0.006227920340685013	0.006619700000000001	0	600
86	1744823786.3288147	0.729506686	0.001	-0.1572	3.2533902659827287	0.00622673042480954	0.0066244	0	600
87	1744823786.7291539	0.729415349	0.001	-0.1631	3.2529946592476793	0.006226329251408522	0.0066228	0	600
88	1744823787.1321843	0.729138881	0.001	-0.169	3.2517971970710615	0.006225115088131528	0.0066206	0	600
89	1744823787.538422	0.729023117	0.001	-0.175	3.251295789995328	0.006224606754288071	0.006622	0	600
90	1744823787.9390812	0.729078611	0.001	-0.175	3.25153615042051	0.006224850430318609	0.006629	0	600
91	1744823788.3420947	0.729036841	0.001	-0.169	3.2513552325742587	0.006224667015997637	0.0066346	0	600
92	1744823788.744512	0.72930376	0.001	-0.1631	3.2525113352939967	0.006225839159598486	0.006643199999999999	0	600
93	1744823789.1454859	0.729273599	0.001	-0.1572	3.2523806993552666	0.006225706700649442	0.006636	0	600
94	1744823789.5492105	0.729601856	0.001	-0.1513	3.2538024745397722	0.006227148459578224	0.006613900000000001	0	600
95	1744823789.9523046	0.729663047	0.001	-0.1453	3.2540675103053918	0.006227417255374423	0.0066317	0	600
96	1744823790.352734	0.729882026	0.001	-0.1394	3.255015971139823	0.006228379261522272	0.006659599999999999	0	600
97	1744823790.7567604	0.730244218	0.001	-0.1335	3.2565847285391367	0.006229970730238451	0.0066257	0	600
98	1744823791.157235	0.730346655	0.001	-0.1275	3.2570284125567666	0.006230420907042674	0.0066314	0	600
99	1744823791.5605578	0.730667734	0.001	-0.1216	3.2584190977652034	0.006231832141598989	0.0066389000000000005	0	600
100	1744823791.9620998	0.730768873	0.001	-0.1157	3.2588571597726728	0.006232276738852653	0.0066181	0	600
101	1744823792.3660526	0.730963075	0.001	-0.1097	3.259698304316068	0.006233130515631084	0.006611400000000001	0	600
102	1744823792.768939	0.731293446	0.001	-0.1038	3.261129235840698	0.006234583189206161	0.0066308999999999995	0	600
103	1744823793.1698537	0.731519937	0.001	-0.0979	3.2621102333009615	0.00623557927589277	0.006625500000000001	0	600
104	1744823793.5729501	0.731611834	0.001	-0.0919	3.262508265556574	0.006235983473065654	0.0066285	0	600
105	1744823793.9767234	0.731785464	0.001	-0.086	3.263260306869587	0.006236747229428426	0.006636499999999999	0	600
106	1744823794.3780415	0.732054474	0.001	-0.0801	3.2644254663098544	0.006237930712491122	0.0066169	0	600
107	1744823794.780444	0.732470265	0.001	-0.0741	3.2662263763460175	0.006239760357944559	0.0066308999999999995	0	600
108	1744823795.1848502	0.732385059	0.001	-0.0682	3.2658573247298417	0.006239385376802025	0.0066222	0	600
109	1744823795.5846016	0.732703596	0.001	-0.0623	3.2672369998074395	0.006240787326942711	0.006617	0	600
110	1744823795.988469	0.732909733	0.001	-0.0563	3.2681298382578254	0.006241694737399145	0.0066248	0	600
111	1744823796.390171	0.733129833	0.001	-0.0504	3.269083154464669	0.006242663748775886	0.0066281	0	600
112	1744823796.7923734	0.733501135	0.001	-0.0445	3.2706913698859923	0.006244298759872719	0.006633	0	600
113	1744823797.195706	0.733618738	0.001	-0.0386	3.2712007421980016	0.006244816702544381	0.0066122	0	600
114	1744823797.5966728	0.73389207	0.001	-0.0326	3.2723846214594685	0.006246020655748849	0.0066121	0	600
115	1744823797.9998722	0.733971071	0.001	-0.0267	3.2727267974415533	0.006246368673996594	0.0066149	0	600
116	1744823798.4047024	0.734229537	0.001	-0.0208	3.273846287794656	0.006247507404620227	0.0066062	0	600
117	1744823798.8058236	0.734654535	0.001	-0.0148	3.2756870759876406	0.00624938024996209	0.0066213999999999995	0	600
118	1744823799.2092502	0.734810544	0.001	-0.0089	3.276362795697379	0.00625006786831147	0.0066322	0	600
119	1744823799.6095023	0.735123137	0.001	-0.003	3.2777167256067186	0.0062514458509971	0.0066386	0	600
120	1744823800.0123806	0.735086572	0.001	0.003	3.27755835210784	0.006251284649390021	0.0066568	0	600
121	1744823800.415553	0.735497337	0.001	0.0089	3.2793374930969534	0.00625309578277475	0.0067139	0	600
122	1744823800.8184357	0.735689411	0.001	0.0148	3.2801694206622107	0.006253942837105165	0.0067275	0	600
123	1744823801.2205417	0.735810836	0.001	0.0208	3.2806953471520606	0.00625447838131326	0.007001	0	600
124	1744823801.6244164	0.736396729	0.001	0.0267	3.283233017721692	0.006257063056113433	0.0075556	0	600
125	1744823802.025263	0.736504999	0.001	0.0326	3.283701966134754	0.006257540798939875	0.0075713	0	600
126	1744823802.4280705	0.736843767	0.001	0.0386	3.2851692674739628	0.006259035835296406	0.007598500000000001	0	600
127	1744823802.833288	0.736948787	0.001	0.0445	3.285624139205188	0.006259499372108637	0.007607900000000001	0	600
128	1744823803.233099	0.737317998	0.001	0.0504	3.287223297905982	0.006261129245807696	0.007631000000000001	0	600
129	1744823803.637316	0.737698159	0.001	0.0563	3.2888698841963486	0.006262807867509578	0.007648300000000001	0	600
130	1744823804.0386922	0.737724791	0.001	0.0623	3.288985235024248	0.006262925478126386	0.007653999999999999	0	600
131	1744823804.440681	0.738006078	0.001	0.0682	3.2902035696715637	0.006264167805013438	0.007672500000000001	0	600
132	1744823804.8444552	0.738185012	0.001	0.0741	3.290978584129334	0.006264958199762107	0.007662200000000001	0	600
133	1744823805.245104	0.738496618	0.001	0.0801	3.2923282390586825	0.006266334858101909	0.007661900000000001	0	600
134	1744823805.6486552	0.738882343	0.001	0.086	3.2939989246283536	0.006268039355781058	0.007681	0	600
135	1744823806.0509608	0.739066268	0.001	0.0919	3.2947955565381384	0.006268852260416367	0.007650599999999999	0	600
136	1744823806.4535527	0.739318216	0.001	0.0979	3.295886815564407	0.006269965967744759	0.0076611	0	600
137	1744823806.855837	0.73955097	0.001	0.1038	3.296894939873392	0.006270994991665032	0.007692600000000001	0	600
138	1744823807.2599607	0.739746922	0.001	0.1097	3.2977436641685456	0.00627186143120044	0.0076597	0	600
139	1744823807.660921	0.740097959	0.001	0.1157	3.2992641060645087	0.0062734138835007025	0.0076728000000000005	0	600
140	1744823808.0665064	0.740220237	0.001	0.1216	3.2997937271419295	0.0062739547375929815	0.0076835	0	600
141	1744823808.479733	0.740540364	0.001	0.1275	3.3011802889654103	0.006275370910035096	0.007680999999999999	0	600
142	1744823808.8701062	0.740715365	0.001	0.1335	3.301938268472515	0.00627614520022783	0.007666000000000001	0	600
143	1744823809.272347	0.741006186	0.001	0.1394	3.30319789760741	0.006277432128173738	0.007678699999999999	0	600
144	1744823809.6728694	0.741393859	0.001	0.1453	3.3048770205236093	0.0062791480163217235	0.0076756	0	600
145	1744823810.0773075	0.74150384	0.001	0.1513	3.3053533797682473	0.006279634883698905	0.007681199999999999	0	600
146	1744823810.4799716	0.741721683	0.001	0.1572	3.3062969202609653	0.006280599339731697	0.007681	0	600
147	1744823810.8805523	0.741901132	0.001	0.1631	3.307074165331396	0.006281393915584643	0.007681100000000001	0	600
148	1744823811.2845604	0.742203061	0.001	0.169	3.3083819063991653	0.006282731023153469	0.007691400000000001	0	600
149	1744823811.6857424	0.742427379	0.001	0.175	3.309353491973389	0.006283724594494764	0.0076760000000000005	0	600
