	t	Vhall	err_Vhall	I_fuente	B	err_B	Vdiodo	err_Vdiodo	frec_TTL
0	1744823947.5157366	0.736015023	0.001	0.0	3.281579739593345	0.006255379042671212	0.0075838	0	600
1	1744823947.734927	0.736234803	0.001	0.006	3.282531669788438	0.006256348618479467	0.0075301	0	600
2	1744823948.139015	0.736225085	0.001	0.0121	3.282489578344103	0.006256305743858645	0.0075505	0	600
3	1744823948.5413616	0.73646828	0.001	0.0181	3.2835429256177204	0.006257378772076911	0.0075675	0	600
4	1744823948.9433198	0.736701405	0.001	0.0241	3.2845526568340784	0.00625840752920202	0.007600899999999999	0	600
5	1744823949.3463585	0.736941147	0.001	0.0302	3.285591048174655	0.006259465649640088	0.007613299999999999	0	600
6	1744823949.7498944	0.73719054	0.001	0.0362	3.2866712407633565	0.006260566541013168	0.0076399	0	600
7	1744823950.151012	0.73731179	0.001	0.0422	3.287196409278031	0.006261101837490624	0.0076434	0	600
8	1744823950.553827	0.737543293	0.001	0.0483	3.28819911514733	0.006262123998082089	0.0076525	0	600
9	1744823950.959615	0.73773055	0.001	0.0543	3.2890101789044626	0.0062629509109394235	0.0076686	0	600
10	1744823951.3628767	0.737969906	0.001	0.0603	3.2900468983683657	0.006264008035708538	0.0076612	0	600
11	1744823951.7633152	0.738363066	0.001	0.0664	3.2917497870547923	0.006265744798533275	0.0076668	0	600
12	1744823952.1658177	0.738499092	0.001	0.0724	3.2923389546620254	0.006266345789213523	0.0076801000000000005	0	600
13	1744823952.5665543	0.738802231	0.001	0.0784	3.2936519365867243	0.006267685310148139	0.0076714	0	600
14	1744823952.970263	0.738811247	0.001	0.0845	3.2936909874677824	0.006267725154389347	0.0076837	0	600
15	1744823953.3712895	0.739138992	0.001	0.0905	3.295110545033488	0.006269173709882854	0.007679899999999999	0	600
16	1744823953.773587	0.739392942	0.001	0.0965	3.296210475295768	0.00627029632042772	0.007691999999999999	0	600
17	1744823954.178152	0.739512894	0.001	0.1026	3.2967300218002804	0.0062708266440385995	0.007674500000000001	0	600
18	1744823954.579311	0.739793376	0.001	0.1086	3.2979448697617877	0.006272066852619282	0.0076709	0	600
19	1744823954.981617	0.739966939	0.001	0.1146	3.298696620878591	0.006272834409642118	0.007678700000000001	0	600
20	1744823955.3855097	0.740252127	0.001	0.1207	3.2999318518753973	0.0062740957989111425	0.007683799999999999	0	600
21	1744823955.7867415	0.740650887	0.001	0.1267	3.30165899576745	0.006275859907783506	0.007696800000000001	0	600
22	1744823956.1893034	0.740783886	0.001	0.1327	3.302235052569785	0.006276448394528516	0.007684399999999999	0	600
23	1744823956.5935748	0.740943925	0.001	0.1388	3.3029282273650002	0.006277156593310173	0.0076803999999999996	0	600
24	1744823956.9942172	0.741095418	0.001	0.1448	3.3035843869839163	0.006277827041960275	0.007689399999999999	0	600
25	1744823957.3980136	0.741406414	0.001	0.1508	3.304931399828366	0.006279203593450812	0.0076982000000000005	0	600
26	1744823957.799433	0.741836677	0.001	0.1569	3.306794992245926	0.006281108507027023	0.007700799999999999	0	600
27	1744823958.2020566	0.741889913	0.001	0.1629	3.307025572625696	0.00628134423668604	0.0077019	0	600
28	1744823958.6055183	0.742104643	0.001	0.1689	3.3079556298228585	0.006282295145652453	0.0076924	0	600
29	1744823959.0070643	0.74227729	0.001	0.175	3.3087034134810267	0.0062830597896931725	0.007693799999999999	0	600
30	1744823959.4097023	0.742278855	0.001	0.175	3.308710191944742	0.006283066721379696	0.0076929	0	600
31	1744823959.811667	0.742259868	0.001	0.169	3.3086279538038093	0.006282982624769045	0.007692200000000001	0	600
32	1744823960.2141938	0.742093097	0.001	0.1631	3.3079056207864017	0.006282244012080939	0.0077105	0	600
33	1744823960.6172245	0.742055964	0.001	0.1572	3.307744787116666	0.006282079564374925	0.0077031	0	600
34	1744823961.0190206	0.74172419	0.001	0.1513	3.30630777879677	0.00628061043975634	0.0076878	0	600
35	1744823961.4210248	0.741704977	0.001	0.1453	3.3062245617850388	0.006280525372493658	0.0076898999999999995	0	600
36	1744823961.837828	0.741466554	0.001	0.1394	3.3051918834116445	0.006279469820990133	0.0076935000000000016	0	600
37	1744823962.2270596	0.741127281	0.001	0.1335	3.3037223947726426	0.00627796806344291	0.0076961	0	600
38	1744823962.6291301	0.74106478	0.001	0.1275	3.3034516850214204	0.006277691444898371	0.0076833	0	600
39	1744823963.031076	0.740622239	0.001	0.1216	3.301534913065525	0.006275733154279428	0.007693400000000001	0	600
40	1744823963.4350324	0.740610832	0.001	0.1157	3.3014855060779222	0.006275682684489632	0.0077018	0	600
41	1744823963.8371403	0.740386414	0.001	0.1097	3.3005134873750266	0.006274689832078443	0.007687299999999999	0	600
42	1744823964.2392776	0.740041374	0.001	0.1038	3.2990190202055167	0.006273163613946925	0.0076858	0	600
43	1744823964.641999	0.739876221	0.001	0.0979	3.29830369521002	0.006272433211790167	0.0076748	0	600
44	1744823965.0451446	0.739670724	0.001	0.0919	3.297413628783134	0.00627152449400603	0.007680900000000002	0	600
45	1744823965.4466963	0.739536923	0.001	0.086	3.2968340982888504	0.006270932884366604	0.0076797	0	600
46	1744823965.8489525	0.739343564	0.001	0.0801	3.295996605020159	0.0062700780257426425	0.0076769	0	600
47	1744823966.25379	0.738761877	0.001	0.0741	3.2934771518424673	0.006267506977320747	0.007670800000000001	0	600
48	1744823966.6543133	0.738704038	0.001	0.0682	3.2932266345499293	0.006267251382733268	0.0076743	0	600
49	1744823967.057474	0.738507106	0.001	0.0623	3.292373665593791	0.006266381198359286	0.0076686	0	600
50	1744823967.4617615	0.738379603	0.001	0.0563	3.2918214135432637	0.006265817859546858	0.007675400000000001	0	600
51	1744823967.8618486	0.737999921	0.001	0.0504	3.2901769019392355	0.006264140609690956	0.0076712	0	600
52	1744823968.2652912	0.737794164	0.001	0.0445	3.2892857093778023	0.006263231848509412	0.007663900000000001	0	600
53	1744823968.6659613	0.737604666	0.001	0.0386	3.288464939207133	0.006262395005546132	0.0076687000000000005	0	600
54	1744823969.0692577	0.737292908	0.001	0.0326	3.2871146259222033	0.006261018474150492	0.0076363	0	600
55	1744823969.473962	0.737255218	0.001	0.0267	3.2869513797257657	0.006260852077242446	0.0076282	0	600
56	1744823969.8755648	0.736854473	0.001	0.0208	3.285215638229576	0.006259083087939259	0.007621199999999999	0	600
57	1744823970.2768657	0.736471273	0.001	0.0148	3.2835558891588708	0.006257391978892563	0.0076115	0	600
58	1744823970.6818578	0.736357293	0.001	0.0089	3.2830622090986434	0.006256889052623174	0.0075815000000000006	0	600
59	1744823971.082954	0.736059067	0.001	0.003	3.281770506785595	0.006255573334897494	0.007535200000000001	0	600
60	1744823971.485373	0.735980696	0.001	-0.003	3.2814310595141434	0.006255227619129477	0.0075157	0	600
61	1744823971.8903196	0.735694495	0.001	-0.0089	3.28019144092389	0.006253965259202558	0.0074623	0	600
62	1744823972.2919717	0.735445895	0.001	-0.0148	3.279114683045557	0.0062528689394880654	0.007406199999999999	0	600
63	1744823972.701164	0.735160372	0.001	-0.0208	3.2778780010676987	0.006251610010355358	0.0072517000000000015	0	600
64	1744823973.0949469	0.734629466	0.001	-0.0267	3.275578494960883	0.006249269763510551	0.0066232	0	600
65	1744823973.4968052	0.734601967	0.001	-0.0326	3.2754593889073984	0.006249148569424406	0.0066240000000000005	0	600
66	1744823973.901074	0.734285886	0.001	-0.0386	3.2740903514699826	0.0062477556885972615	0.0066187	0	600
67	1744823974.3013911	0.734245061	0.001	-0.0445	3.273913526689681	0.006247575805280303	0.0066203	0	600
68	1744823974.7054489	0.733957165	0.001	-0.0504	3.2726665665684394	0.006246307413439397	0.006623700000000001	0	600
69	1744823975.10677	0.733600924	0.001	-0.0563	3.27112358465639	0.006244738244225885	0.0066375	0	600
70	1744823975.5105844	0.733399741	0.001	-0.0623	3.27025220340041	0.006243852236438811	0.006626	0	600
71	1744823975.9125283	0.733219259	0.001	-0.0682	3.269470484110798	0.006243057495467869	0.006631599999999999	0	600
72	1744823976.3144174	0.73300179	0.001	-0.0741	3.268528563519313	0.006242100010080491	0.006626100000000001	0	600
73	1744823976.7173097	0.732736385	0.001	-0.0801	3.2673790183676674	0.006240931655137683	0.0066301	0	600
74	1744823977.1211095	0.73235004	0.001	-0.086	3.265705647400231	0.006239231268598184	0.0066251	0	600
75	1744823977.5214014	0.73226416	0.001	-0.0919	3.2653336764968066	0.0062388533513421255	0.0066095	0	600
76	1744823977.924642	0.731963209	0.001	-0.0979	3.2640301714274487	0.006237529177507421	0.006619900000000001	0	600
77	1744823978.328749	0.731914852	0.001	-0.1038	3.26382072339558	0.006237316432956339	0.006619699999999999	0	600
78	1744823978.729255	0.731605792	0.001	-0.1097	3.262482095922218	0.0062359568973485505	0.006623700000000001	0	600
79	1744823979.1325545	0.731252158	0.001	-0.1157	3.2609504056746452	0.006234401624454585	0.0066125	0	600
80	1744823979.5343742	0.731152022	0.001	-0.1216	3.260516687947755	0.00623396129514232	0.0066025	0	600
81	1744823979.9365988	0.730665782	0.001	-0.1275	3.2584106430935282	0.006231823561089267	0.0066026	0	600
82	1744823980.3416162	0.73056921	0.001	-0.1335	3.257992362072505	0.006231399068307823	0.0066173	0	600
83	1744823980.742038	0.730378038	0.001	-0.1394	3.257164341327868	0.006230558831095687	0.0066154000000000004	0	600
84	1744823981.1449857	0.729890948	0.001	-0.1453	3.2550546148799295	0.006228418460117059	0.006608	0	600
85	1744823981.549144	0.729742935	0.001	-0.1513	3.2544135281387963	0.006227768198585289	0.0066135	0	600
86	1744823981.9517336	0.72951963	0.001	-0.1572	3.253446330158019	0.006226787279848288	0.006607399999999999	0	600
87	1744823982.355078	0.729358383	0.001	-0.1631	3.252747923168447	0.006226079055801312	0.006610300000000001	0	600
88	1744823982.7544498	0.729091986	0.001	-0.169	3.251594081380376	0.00622490916174319	0.006608500000000001	0	600
89	1744823983.157762	0.728887259	0.001	-0.175	3.250707350044263	0.0062240102352461996	0.006608000000000001	0	600
90	1744823983.565543	0.728949218	0.001	-0.175	3.2509757122380836	0.006224282275267681	0.006610100000000001	0	600
91	1744823983.962197	0.728986401	0.001	-0.169	3.2511367624721546	0.006224445538042886	0.006611499999999999	0	600
92	1744823984.3653555	0.729200002	0.001	-0.1631	3.252061929646611	0.006225383493708967	0.0066252	0	600
93	1744823984.7690308	0.72930502	0.001	-0.1572	3.2525167927152627	0.006225844693235351	0.0066244	0	600
94	1744823985.1701314	0.729557546	0.001	-0.1513	3.253610555225255	0.006226953824357222	0.006645900000000001	0	600
95	1744823985.5725079	0.729658909	0.001	-0.1453	3.254049587440949	0.006227399077895559	0.0066313	0	600
96	1744823985.9769719	0.729827505	0.001	-0.1394	3.254779825056619	0.006228139729856346	0.006622600000000001	0	600
97	1744823986.377999	0.730225351	0.001	-0.1335	3.25650301015261	0.006229887819339765	0.0066264	0	600
98	1744823986.7809062	0.730254398	0.001	-0.1275	3.256628821037936	0.006230015466608224	0.006636499999999999	0	600
99	1744823987.182142	0.730526155	0.001	-0.1216	3.25780587852282	0.006231209824114142	0.00663	0	600
100	1744823987.5854692	0.730652718	0.001	-0.1157	3.258354059163832	0.006231766135258928	0.006640600000000001	0	600
101	1744823987.9892824	0.7309353	0.001	-0.1097	3.259578002827449	0.006233008400730081	0.006629899999999999	0	600
102	1744823988.389912	0.731269885	0.001	-0.1038	3.2610271863943123	0.0062344795786603	0.0066322	0	600
103	1744823988.7927346	0.731379786	0.001	-0.0979	3.261503199136013	0.00623496288701109	0.0066373000000000005	0	600
104	1744823989.1966257	0.731586205	0.001	-0.0919	3.262397259009254	0.00623587074472388	0.0066303	0	600
105	1744823989.5975173	0.731629842	0.001	-0.086	3.262586263367809	0.006236062681824413	0.006633699999999999	0	600
106	1744823990.0011153	0.731867787	0.001	-0.0801	3.263616871386152	0.0062371093790333535	0.0066345	0	600
107	1744823990.4027534	0.732301851	0.001	-0.0741	3.2654969270245306	0.006239019208965611	0.0066389000000000005	0	600
108	1744823990.8053303	0.732454308	0.001	-0.0682	3.2661572620038433	0.006239690131542338	0.006640199999999999	0	600
109	1744823991.208853	0.732734206	0.001	-0.0623	3.2673695804939067	0.006240922063679846	0.006633999999999999	0	600
110	1744823991.610265	0.732878928	0.001	-0.0563	3.2679964129704477	0.0062415591266418505	0.0066313	0	600
111	1744823992.0176294	0.733133544	0.001	-0.0504	3.2690992278696824	0.006242680088014214	0.006617099999999999	0	600
112	1744823992.4197657	0.733522741	0.001	-0.0445	3.270784951666842	0.00624439391319325	0.0066169	0	600
113	1744823992.8185346	0.733636805	0.001	-0.0386	3.271278995555153	0.006244896276091558	0.0066198	0	600
114	1744823993.220567	0.733951299	0.001	-0.0326	3.2726411592405458	0.006246281571925392	0.0066289	0	600
115	1744823993.6246865	0.733911513	0.001	-0.0267	3.2724688346671456	0.006246106305124826	0.0066137	0	600
116	1744823994.025663	0.734244407	0.001	-0.0208	3.273910694028167	0.0062475729236615134	0.0066203	0	600
117	1744823994.429116	0.734658442	0.001	-0.0148	3.2757039983248513	0.00624939746942312	0.006621	0	600
118	1744823994.8300514	0.734829073	0.001	-0.0089	3.2764430501089943	0.006250149540583704	0.0066276	0	600
119	1744823995.2331975	0.735092209	0.001	-0.003	3.277582767571075	0.006251309500593445	0.0066416	0	600
120	1744823995.6367383	0.735295179	0.001	0.003	3.278461888836422	0.0062522043725806485	0.0066473999999999995	0	600
121	1744823996.036975	0.735540268	0.001	0.0089	3.2795234395670856	0.006253285101033559	0.006700099999999999	0	600
122	1744823996.4423747	0.735652366	0.001	0.0148	3.2800089681457067	0.006253779458829451	0.0067329	0	600
123	1744823996.8443224	0.735948734	0.001	0.0208	3.281292622928032	0.0062550866311489725	0.007066	0	600
124	1744823997.2450838	0.736178803	0.001	0.0267	3.2822891177321765	0.006256101557100723	0.007553699999999999	0	600
125	1744823997.648556	0.736553698	0.001	0.0326	3.283912895466681	0.006257755694937058	0.0075831	0	600
126	1744823998.0507948	0.736771642	0.001	0.0386	3.2848568734193577	0.0062587175086723755	0.007594399999999999	0	600
127	1744823998.4531403	0.736818591	0.001	0.0445	3.2850602229995265	0.006258924718294623	0.0076002	0	600
128	1744823998.8571095	0.737213277	0.001	0.0504	3.2867697212294855	0.006260666917471531	0.0076418	0	600
129	1744823999.2582855	0.737631616	0.001	0.0563	3.288581667384209	0.006262514013269587	0.007627	0	600
130	1744823999.6604102	0.73776883	0.001	0.0623	3.2891759805600644	0.006263119964946244	0.0076505	0	600
131	1744824000.0652323	0.738041394	0.001	0.0682	3.290356533393331	0.006264323797047153	0.007646599999999999	0	600
132	1744824000.4649868	0.738147019	0.001	0.0741	3.290814025553021	0.0062647903678096925	0.007650400000000002	0	600
133	1744824000.868672	0.738373076	0.001	0.0801	3.291793143234849	0.006265789022951032	0.007658000000000001	0	600
134	1744824001.270198	0.738709319	0.001	0.086	3.2932495080750925	0.006267274719443969	0.0076798000000000005	0	600
135	1744824001.673199	0.738908219	0.001	0.0919	3.2941110010034937	0.006268153715671811	0.007685699999999999	0	600
136	1744824002.083745	0.739221373	0.001	0.0979	3.2954673607646825	0.006269537862831104	0.007680200000000001	0	600
137	1744824002.482191	0.739490771	0.001	0.1038	3.2966342007441973	0.006270728832241369	0.0076724	0	600
138	1744824002.8835475	0.739745895	0.001	0.1097	3.297739215937085	0.006271856889835692	0.007684399999999999	0	600
139	1744824003.2847838	0.740081958	0.001	0.1157	3.2991948011457186	0.00627334311181847	0.0076761	0	600
140	1744824003.685013	0.740095958	0.001	0.1216	3.2992554391597846	0.0062734050331303085	0.0076914999999999996	0	600
141	1744824004.0886648	0.740519384	0.001	0.1275	3.3010894185700463	0.006275278090101861	0.007683899999999999	0	600
142	1744824004.4930835	0.740574398	0.001	0.1335	3.3013276999776036	0.006275521486283212	0.007686800000000001	0	600
143	1744824004.8938355	0.740820944	0.001	0.1394	3.3023955613930163	0.006276612375744943	0.007675400000000001	0	600
144	1744824005.2965846	0.741190833	0.001	0.1453	3.3039976567062057	0.006278249344952575	0.007682400000000001	0	600
145	1744824005.7010498	0.741411869	0.001	0.1513	3.3049550269974177	0.0062792277412004605	0.007685600000000001	0	600
146	1744824006.103064	0.741520166	0.001	0.1572	3.305424092355221	0.006279707159091253	0.0076887	0	600
147	1744824006.5048974	0.741748568	0.001	0.1631	3.3064133669044047	0.006280718377028168	0.0076842	0	600
148	1744824006.9059339	0.742089254	0.001	0.169	3.3078889756515406	0.006282226992737121	0.007691300000000001	0	600
149	1744824007.3088005	0.742121155	0.001	0.175	3.308027148029162	0.006282368272721916	0.0076893000000000005	0	600
