	t	Vhall	err_Vhall	I_fuente	B	err_B	Vdiodo	err_Vdiodo	frec_TTL
0	1744824143.1388726	0.735744677	0.001	0.0	3.280408793554021	0.006254186582181866	0.0075840000000000005	0	600
1	1744824143.3675897	0.736090264	0.001	0.006	3.2819056299373663	0.006255710958264593	0.007534399999999999	0	600
2	1744824143.7623296	0.736129518	0.001	0.0121	3.2820756502662327	0.00625588412850472	0.007564400000000001	0	600
3	1744824144.1641903	0.736386295	0.001	0.0181	3.2831878250760664	0.006257017017732151	0.007588499999999998	0	600
4	1744824144.566577	0.736552945	0.001	0.0241	3.2839096340077814	0.006257752372092293	0.007605500000000001	0	600
5	1744824144.9696877	0.736633542	0.001	0.0302	3.2842587227234694	0.00625810804047924	0.007626300000000001	0	600
6	1744824145.3745677	0.736848005	0.001	0.0362	3.285187623467078	0.006259054540347609	0.007651699999999999	0	600
7	1744824145.775774	0.737064455	0.001	0.0422	3.2861251304773966	0.0062600099437352804	0.007653499999999999	0	600
8	1744824146.178455	0.737325483	0.001	0.0483	3.2872557175870734	0.006261162292226482	0.007653200000000001	0	600
9	1744824146.5792766	0.737493365	0.001	0.0543	3.2879828626640255	0.006261903536793082	0.0076744000000000005	0	600
10	1744824146.9820945	0.737763698	0.001	0.0603	3.2891537523966226	0.006263097300512742	0.0076755999999999994	0	600
11	1744824147.3843102	0.738097427	0.001	0.0664	3.2905992283820544	0.006264571304155827	0.0076777	0	600
12	1744824147.7864783	0.738158876	0.001	0.0724	3.2908653816196476	0.006264842744999356	0.007683200000000001	0	600
13	1744824148.190191	0.738454541	0.001	0.0784	3.2921459915074087	0.0062661489479427296	0.007692399999999999	0	600
14	1744824148.5918715	0.738614411	0.001	0.0845	3.2928384343151693	0.006266855333692071	0.007696499999999999	0	600
15	1744824148.993745	0.738794226	0.001	0.0905	3.293617264636539	0.006267649933995669	0.007684400000000001	0	600
16	1744824149.3956883	0.739181199	0.001	0.0965	3.295293355652035	0.006269360277216298	0.007687000000000001	0	600
17	1744824149.799534	0.739396677	0.001	0.1026	3.2962266526516633	0.006270312832734154	0.0076947000000000005	0	600
18	1744824150.202251	0.739687243	0.001	0.1086	3.2974851773084444	0.0062715975373678675	0.007692900000000001	0	600
19	1744824150.603777	0.73982864	0.001	0.1146	3.2980976082566453	0.006272222795537532	0.0077082	0	600
20	1744824151.006342	0.740143835	0.001	0.1207	3.2994628081740283	0.0062736167949810325	0.0076931	0	600
21	1744824151.4101737	0.740436166	0.001	0.1267	3.3007289775518682	0.0062749099285445255	0.007711299999999999	0	600
22	1744824151.8114944	0.740463223	0.001	0.1327	3.3008461691766233	0.006275029628209347	0.007688100000000001	0	600
23	1744824152.2147834	0.740745528	0.001	0.1388	3.3020689130738194	0.006276278664954915	0.007706600000000001	0	600
24	1744824152.615681	0.740832116	0.001	0.1448	3.3024439505282404	0.006276661812483011	0.0076941	0	600
25	1744824153.0225327	0.741150742	0.001	0.1508	3.303824011090356	0.006278071900619939	0.007689099999999999	0	600
26	1744824153.4224536	0.741605786	0.001	0.1569	3.3057949371240984	0.006280086212263983	0.0076859	0	600
27	1744824153.8263154	0.741721263	0.001	0.1629	3.3062951011205435	0.0062805974801361806	0.007716000000000001	0	600
28	1744824154.2267168	0.741981512	0.001	0.1689	3.3074223141578662	0.006281749857063155	0.007699	0	600
29	1744824154.6304278	0.742157776	0.001	0.175	3.308185764080097	0.0062825304597449155	0.0077128000000000006	0	600
30	1744824155.0316963	0.74202564	0.001	0.175	3.307613445178201	0.006281945274009269	0.007708599999999999	0	600
31	1744824155.4485674	0.741965501	0.001	0.169	3.307352965926209	0.006281678955135775	0.007703	0	600
32	1744824155.8397975	0.741850683	0.001	0.1631	3.3068556562477114	0.006281170524984089	0.0077237	0	600
33	1744824156.2391195	0.7416779	0.001	0.1572	3.3061072835345495	0.006280405488457973	0.0077035	0	600
34	1744824156.6413598	0.741472534	0.001	0.1513	3.3052177845062234	0.006279496293796367	0.007702600000000001	0	600
35	1744824157.0433013	0.741483612	0.001	0.1453	3.3052657665004963	0.006279545335160498	0.007717099999999999	0	600
36	1744824157.4463344	0.741238183	0.001	0.1394	3.3042027431323486	0.006278458923805404	0.0077082	0	600
37	1744824157.8495774	0.740928563	0.001	0.1335	3.302861690138424	0.006277088610774078	0.007701799999999999	0	600
38	1744824158.2505028	0.740850825	0.001	0.1275	3.3025249845714653	0.0062767446016741306	0.0077167	0	600
39	1744824158.653796	0.740463922	0.001	0.1216	3.30084919674604	0.00627503272060005	0.0076999	0	600
40	1744824159.0574622	0.740471031	0.001	0.1157	3.3008799878633246	0.006275064171044837	0.0077122	0	600
41	1744824159.458048	0.740232765	0.001	0.1097	3.299847989501945	0.006274010153245027	0.007719200000000001	0	600
42	1744824159.8621173	0.739822139	0.001	0.1038	3.2980694505616857	0.006272194046832353	0.0077123	0	600
43	1744824160.2656815	0.739743322	0.001	0.0979	3.297728071536357	0.006271845512116225	0.0077057	0	600
44	1744824160.6657577	0.739427453	0.001	0.0919	3.2963599523317257	0.0062704488938906825	0.007702100000000001	0	600
45	1744824161.0692577	0.739314756	0.001	0.086	3.2958718293123592	0.006269950671979552	0.007698699999999998	0	600
46	1744824161.470322	0.73909409	0.001	0.0801	3.2949160615972333	0.006268975235458476	0.0076944	0	600
47	1744824161.8746405	0.738707352	0.001	0.0741	3.2932409884341163	0.006267266027272168	0.0076768	0	600
48	1744824162.2781577	0.73864532	0.001	0.0682	3.2929723100563657	0.006266991913591733	0.007680400000000001	0	600
49	1744824162.6795564	0.738331934	0.001	0.0623	3.2916149454366574	0.006265607258454801	0.0076622999999999995	0	600
50	1744824163.0815766	0.738293195	0.001	0.0563	3.291447155720452	0.00626543611480072	0.0076695	0	600
51	1744824163.485802	0.737948382	0.001	0.0504	3.289953671753027	0.006263912967422509	0.0076715	0	600
52	1744824163.8875701	0.737604355	0.001	0.0445	3.288463592176963	0.0062623936322224304	0.0076912	0	600
53	1744824164.2903914	0.737541721	0.001	0.0386	3.288192306364608	0.00626211705667448	0.007675299999999999	0	600
54	1744824164.693831	0.737196239	0.001	0.0326	3.286695924766368	0.006260591700104609	0.007649	0	600
55	1744824165.0949466	0.736916645	0.001	0.0267	3.285484922987467	0.0062593575005211	0.0076709	0	600
56	1744824165.4991763	0.736763829	0.001	0.0208	3.284823033076223	0.006258683026577477	0.007627600000000001	0	600
57	1744824165.9020064	0.736397619	0.001	0.0148	3.283236872566872	0.006257066983112741	0.0075995	0	600
58	1744824166.3132548	0.736213314	0.001	0.0089	3.2824385947681343	0.00625625381201873	0.0075852	0	600
59	1744824166.705972	0.735815703	0.001	0.003	3.280716427524522	0.006254499848072905	0.0075577000000000005	0	600
60	1744824167.109914	0.735753383	0.001	-0.003	3.2804465017361966	0.00625422497991335	0.0073713	0	600
61	1744824167.5093637	0.735415299	0.001	-0.0089	3.2789821629971034	0.006252734024226744	0.00746	0	600
62	1744824167.9136124	0.735283097	0.001	-0.0148	3.2784095582302837	0.006252151101066737	0.0074161999999999995	0	600
63	1744824168.315514	0.735003147	0.001	-0.0208	3.2771970145133107	0.006250916873772321	0.0071407000000000016	0	600
64	1744824168.7179751	0.734596634	0.001	-0.0267	3.275436290155326	0.006249125065984245	0.0066362	0	600
65	1744824169.1196368	0.734505239	0.001	-0.0326	3.2750404322056466	0.006248722285419396	0.006633999999999999	0	600
66	1744824169.523078	0.734173848	0.001	-0.0386	3.2736050827685634	0.006247262037750472	0.0066256	0	600
67	1744824169.925369	0.733979909	0.001	-0.0445	3.2727650773535752	0.006246407608618401	0.0066317999999999985	0	600
68	1744824170.3270106	0.733666443	0.001	-0.0504	3.2714073662309295	0.006245026814520439	0.0066566	0	600
69	1744824170.7293503	0.733246526	0.001	-0.0563	3.269588585305764	0.006243177557906278	0.0066135	0	600
70	1744824171.134039	0.733092852	0.001	-0.0623	3.2689229791505148	0.0062425009265516355	0.006614300000000001	0	600
71	1744824171.53538	0.732994217	0.001	-0.0682	3.26849576268499	0.006242066669699473	0.006629299999999999	0	600
72	1744824171.9376247	0.732757399	0.001	-0.0741	3.2674700360267797	0.006241024154649525	0.0066265000000000004	0	600
73	1744824172.341782	0.732460823	0.001	-0.0801	3.2661854803368175	0.0062397188038231565	0.006644699999999999	0	600
74	1744824172.7427177	0.732033211	0.001	-0.086	3.264333370160349	0.006237837160353765	0.0066496	0	600
75	1744824173.145435	0.731956195	0.001	-0.0919	3.2639997917824015	0.006237498319293159	0.0066481	0	600
76	1744824173.5473073	0.731628462	0.001	-0.0979	3.262580286192137	0.0062360566118172915	0.0066424	0	600
77	1744824173.9504735	0.731534157	0.001	-0.1038	3.2621718241981053	0.0062356418191325735	0.0066451999999999995	0	600
78	1744824174.3539255	0.731382629	0.001	-0.1097	3.2615155129841544	0.006234975390053997	0.006630800000000001	0	600
79	1744824174.7554474	0.730871556	0.001	-0.1157	3.2593019092868354	0.006232728153882996	0.0066409	0	600
80	1744824175.1571455	0.730714721	0.001	-0.1216	3.2586226119342676	0.006232038688193916	0.0066526	0	600
81	1744824175.5616565	0.730467937	0.001	-0.1275	3.257553719672616	0.0062309539409806415	0.0066365999999999994	0	600
82	1744824175.9659507	0.730388808	0.001	-0.1335	3.2572109892858307	0.006230606164455559	0.0066524	0	600
83	1744824176.367768	0.730217235	0.001	-0.1394	3.256467857429599	0.006229852153954427	0.0066553	0	600
84	1744824176.7670174	0.729821633	0.001	-0.1453	3.254754391741005	0.00622811393242584	0.0066625	0	600
85	1744824177.1775842	0.729695361	0.001	-0.1513	3.2542074715044285	0.006227559206600177	0.0066372	0	600
86	1744824177.574186	0.729333217	0.001	-0.1572	3.252638922006877	0.0062259685293374655	0.006634999999999999	0	600
87	1744824177.974851	0.729277066	0.001	-0.1631	3.252395715926321	0.006225721926639807	0.0066799	0	600
88	1744824178.3777528	0.729094016	0.001	-0.169	3.2516028738924154	0.00622491807579206	0.0066482	0	600
89	1744824178.781979	0.728957305	0.001	-0.175	3.2510107393537795	0.006224317783248835	0.006633999999999999	0	600
90	1744824179.1837842	0.728923501	0.001	-0.175	3.250864324537532	0.006224169359666643	0.0066331	0	600
91	1744824179.5851638	0.728827125	0.001	-0.169	3.2504468924487058	0.006223746218896136	0.0066549999999999995	0	600
92	1744824179.989628	0.728985625	0.001	-0.1631	3.2511334013936604	0.006224442130747875	0.0066489999999999995	0	600
93	1744824180.3913856	0.72913672	0.001	-0.1572	3.2517878371604616	0.006225105598557902	0.0066329	0	600
94	1744824180.7935417	0.72946503	0.001	-0.1513	3.2532098419031636	0.00622654745892015	0.0066676	0	600
95	1744824181.195277	0.729523214	0.001	-0.1453	3.2534618534896196	0.006226803022244712	0.0066766	0	600
96	1744824181.5984507	0.729745497	0.001	-0.1394	3.2544246248953703	0.006227779453606759	0.0066568	0	600
97	1744824182.001395	0.730124135	0.001	-0.1335	3.2560646146360637	0.006229443044075498	0.0066346	0	600
98	1744824182.403192	0.730148801	0.001	-0.1275	3.256171450154274	0.0062295514315614834	0.0066481	0	600
99	1744824182.8050075	0.730324067	0.001	-0.1216	3.256930577452359	0.0062303216376069556	0.006654900000000001	0	600
100	1744824183.2099946	0.730502012	0.001	-0.1157	3.2577013082675643	0.006231103708199242	0.006644700000000001	0	600
101	1744824183.6109016	0.730718302	0.001	-0.1097	3.258638122272008	0.006232054429904575	0.0066252	0	600
102	1744824184.0133765	0.731072759	0.001	-0.1038	3.2601733771685506	0.006233612771646466	0.0066453	0	600
103	1744824184.417638	0.731214401	0.001	-0.0979	3.2607868692819975	0.006234235591686678	0.0066608	0	600
104	1744824184.819334	0.731438446	0.001	-0.0919	3.261757272414947	0.006235220868736476	0.0066508999999999995	0	600
105	1744824185.2217636	0.73154852	0.001	-0.086	3.26223403446925	0.006235704991920734	0.0066387999999999985	0	600
106	1744824185.6235042	0.731775522	0.001	-0.0801	3.263217245217027	0.006236703494608771	0.0066462000000000005	0	600
107	1744824186.0301383	0.732200986	0.001	-0.0741	3.265060051789623	0.006238575366131288	0.0066596	0	600
108	1744824186.4314294	0.732225089	0.001	-0.0682	3.26516444879341	0.006238681425445235	0.0066602	0	600
109	1744824186.830861	0.732529974	0.001	-0.0623	3.26648499314472	0.0062400231424866405	0.0066498	0	600
110	1744824187.2329862	0.732640703	0.001	-0.0563	3.2669645921918233	0.006240510497921813	0.0066392000000000005	0	600
111	1744824187.6373532	0.732838112	0.001	-0.0504	3.2678196271717272	0.006241379449381296	0.0066492999999999995	0	600
112	1744824188.0413244	0.733252638	0.001	-0.0445	3.2696150581301904	0.006243204470646535	0.006645	0	600
113	1744824188.4417405	0.733322771	0.001	-0.0386	3.2699188242616515	0.006243513292405783	0.0066408	0	600
114	1744824188.843258	0.733593697	0.001	-0.0326	3.271092282447272	0.0062447064145639665	0.0066526	0	600
115	1744824189.2452884	0.733851484	0.001	-0.0267	3.272208831856693	0.006245841871765403	0.0066404	0	600
116	1744824189.6493473	0.734082372	0.001	-0.0208	3.2732088739846605	0.006246859012108225	0.0066363	0	600
117	1744824190.0508204	0.734442187	0.001	-0.0148	3.274767335915443	0.006248444427404302	0.0066417	0	600
118	1744824190.4527743	0.734628515	0.001	-0.0089	3.275574375907213	0.006249265572209793	0.0066388	0	600
119	1744824190.8575306	0.734848887	0.001	-0.003	3.276528870224044	0.006250236877986826	0.0066401	0	600
120	1744824191.2579877	0.734967259	0.001	0.003	3.277041573295541	0.006250758669212339	0.0066852000000000005	0	600
121	1744824191.661458	0.735348389	0.001	0.0089	3.278692356602738	0.006252438989187611	0.0067066	0	600
122	1744824192.0630422	0.7354356	0.001	0.0148	3.279070092448785	0.006252823542643928	0.0067661	0	600
123	1744824192.4657047	0.735770065	0.001	0.0208	3.280518756261242	0.006254298556328921	0.007052100000000001	0	600
124	1744824192.86886	0.736094651	0.001	0.0267	3.2819246312922026	0.006255730311430918	0.0075937	0	600
125	1744824193.2701166	0.736357861	0.001	0.0326	3.2830646692695	0.006256891558778174	0.007592399999999999	0	600
126	1744824193.6740081	0.736653532	0.001	0.0386	3.284345305144982	0.006258196257712372	0.0076074	0	600
127	1744824194.0776808	0.736738913	0.001	0.0445	3.284715114736333	0.006258573062836558	0.007639700000000001	0	600
128	1744824194.4791024	0.736892453	0.001	0.0504	3.285380140499162	0.006259250721402484	0.0076307	0	600
129	1744824194.881022	0.737420676	0.001	0.0563	3.2876680257637116	0.006261582585198057	0.0076657	0	600
130	1744824195.284968	0.737484642	0.001	0.0623	3.287945080849976	0.006261865020386992	0.0076714	0	600
131	1744824195.6860223	0.737785712	0.001	0.0682	3.2892491013424534	0.006263194521396971	0.007679	0	600
132	1744824196.0889034	0.737948759	0.001	0.0741	3.28995530464812	0.006263914632563632	0.007686100000000001	0	600
133	1744824196.4964757	0.738256265	0.001	0.0801	3.2912872013019205	0.0062652729670719135	0.007689800000000001	0	600
134	1744824196.8951323	0.738640431	0.001	0.086	3.2929511343955964	0.0062669703100210776	0.0076733999999999995	0	600
135	1744824197.2972093	0.738752866	0.001	0.0919	3.2934381226178426	0.006267467156450808	0.0077082999999999995	0	600
136	1744824197.6988022	0.739091575	0.001	0.0979	3.2949051684111352	0.006268964118904431	0.0076988000000000004	0	600
137	1744824198.1022549	0.739203424	0.001	0.1038	3.2953896184993643	0.006269458520292556	0.007682	0	600
138	1744824198.5053296	0.739521	0.001	0.1097	3.2967651312104245	0.0062708624832188255	0.007693900000000001	0	600
139	1744824198.9057875	0.739954413	0.001	0.1157	3.298642367181149	0.006272779012352702	0.0077052	0	600
140	1744824199.3087032	0.740091854	0.001	0.1216	3.2992376635590897	0.006273386881282004	0.0076863	0	600
141	1744824199.7125483	0.740321404	0.001	0.1275	3.300231910425427	0.006274402246831937	0.0077222	0	600
142	1744824200.1145053	0.740488071	0.001	0.1335	3.300953792989016	0.006275139557140764	0.0077066999999999995	0	600
143	1744824200.518032	0.740827893	0.001	0.1394	3.302425659504426	0.006276643125424954	0.0077159	0	600
144	1744824200.917956	0.741149757	0.001	0.1453	3.3038197447729374	0.006278067541029132	0.0076966	0	600
145	1744824201.3209665	0.741333461	0.001	0.1513	3.3046154194683575	0.006278880659204385	0.0077115000000000005	0	600
146	1744824201.7253356	0.741518821	0.001	0.1572	3.3054182667745837	0.0062797012047318655	0.0076889	0	600
147	1744824202.127427	0.741628039	0.001	0.1631	3.305891321247455	0.006280184733205571	0.0076928	0	600
148	1744824202.5291538	0.741981576	0.001	0.169	3.3074225913602167	0.006281750140477483	0.007705000000000001	0	600
149	1744824202.9327273	0.742072367	0.001	0.175	3.3078158332127177	0.006282152206438714	0.007697600000000001	0	600
