	t	Vhall	err_Vhall	I_fuente	B	err_B	Vdiodo	err_Vdiodo	frec_TTL
0	1744659792.4878087	0.723907096	0.001	0.0	3.2291368361841073	0.006202180973824985	0.017970999999999997	0	600
1	1744659792.7107341	0.723877566	0.001	0.003	3.229008933287296	0.006202051754673382	0.0180286	0	600
2	1744659793.114458	0.724132712	0.001	0.006	3.230114043768492	0.0062031683230102715	0.017869200000000002	0	600
3	1744659793.5180004	0.724273585	0.001	0.009	3.2307242051224523	0.006203784893018991	0.017825	0	600
4	1744659793.918815	0.724196259	0.001	0.012	3.2303892840456214	0.0062034464469329954	0.017969399999999996	0	600
5	1744659794.3218029	0.724303538	0.001	0.015	3.2308539401535454	0.006203915998245774	0.0180058	0	600
6	1744659794.7240973	0.724435877	0.001	0.017	3.2314271383066457	0.006204495281957973	0.018037700000000004	0	600
7	1744659795.1263413	0.724568847	0.001	0.02	3.232003069501666	0.006205077379836758	0.018396000000000003	0	600
8	1744659795.5276437	0.724506616	0.001	0.023	3.231733529197858	0.006204804946975341	0.018049500000000003	0	600
9	1744659795.9308567	0.72486448	0.001	0.026	3.233283540788252	0.006206371748633021	0.0179627	0	600
10	1744659796.3343155	0.724986564	0.001	0.029	3.2338123215960497	0.006206906343794604	0.018040999999999998	0	600
11	1744659796.7357895	0.72504805	0.001	0.032	3.234078635091252	0.006207175602265568	0.0180731	0	600
12	1744659797.140432	0.725250875	0.001	0.035	3.2349571283200245	0.006208063889213912	0.0181239	0	600
13	1744659797.5442603	0.725385786	0.001	0.038	3.2355414665425664	0.006208654809012278	0.017982	0	600
14	1744659797.9435115	0.725346133	0.001	0.041	3.235369718030299	0.0062084811204764735	0.018010099999999998	0	600
15	1744659798.346804	0.725301495	0.001	0.044	3.235176378053738	0.006208285602132117	0.0179825	0	600
16	1744659798.7499192	0.725647627	0.001	0.047	3.2366755749883453	0.006209801844385231	0.0182062	0	600
17	1744659799.1515932	0.725795344	0.001	0.05	3.23731537966861	0.006210449030901091	0.0181435	0	600
18	1744659799.5537946	0.725810862	0.001	0.052	3.2373825925759148	0.006210517023017817	0.018092699999999996	0	600
19	1744659799.9582806	0.726107937	0.001	0.055	3.2386693095779497	0.006211818793865581	0.018085200000000003	0	600
20	1744659800.3586926	0.726095101	0.001	0.058	3.2386137131816253	0.006211762541652306	0.01824	0	600
21	1744659800.762412	0.726180293	0.001	0.061	3.238982704159787	0.006212135894332745	0.018065800000000003	0	600
22	1744659801.1635892	0.726161338	0.001	0.064	3.2389006046200293	0.0062120528224776945	0.018112	0	600
23	1744659801.5664458	0.72644832	0.001	0.067	3.24014360594521	0.006213310658001969	0.018092900000000002	0	600
24	1744659801.9696646	0.726415048	0.001	0.07	3.2399994953734965	0.006213164815170606	0.018066199999999998	0	600
25	1744659802.371537	0.726553362	0.001	0.07	3.2405985729647426	0.0062137711152525305	0.018042000000000002	0	600
26	1744659802.7737637	0.726538482	0.001	0.067	3.2405341234183647	0.006213705886000115	0.0178882	0	600
27	1744659803.1758442	0.726335371	0.001	0.064	3.23965439144159	0.006212815576206011	0.0181282	0	600
28	1744659803.5789204	0.726232195	0.001	0.061	3.2392075066030745	0.006212363364551933	0.0181653	0	600
29	1744659803.981606	0.726161215	0.001	0.059	3.2389000718717624	0.006212052283423476	0.018201	0	600
30	1744659804.3838143	0.726221938	0.001	0.056	3.239163080595198	0.006212318410703099	0.0182026	0	600
31	1744659804.786103	0.725920278	0.001	0.053	3.2378565046435566	0.006210996449351139	0.018023900000000002	0	600
32	1744659805.1901598	0.72592913	0.001	0.05	3.237894845193593	0.006211035237559264	0.0181226	0	600
33	1744659805.5916595	0.725848455	0.001	0.047	3.2375454186375405	0.006210681739687164	0.018172800000000003	0	600
34	1744659805.9935818	0.725593521	0.001	0.044	3.2364412263891293	0.006209564808043436	0.0182448	0	600
35	1744659806.3982239	0.725595911	0.001	0.041	3.2364515781643877	0.006209575278361024	0.018190699999999997	0	600
36	1744659806.7986066	0.725482477	0.001	0.039	3.2359602629867092	0.006209078355497558	0.0178674	0	600
37	1744659807.20184	0.725546336	0.001	0.036	3.236236854625295	0.006209358099383391	0.018022	0	600
38	1744659807.6168315	0.725376502	0.001	0.033	3.2355012548766675	0.006208614142710927	0.0181565	0	600
39	1744659808.0071294	0.725033559	0.001	0.03	3.234015870415407	0.006207112142514171	0.018121199999999997	0	600
40	1744659808.409619	0.724992032	0.001	0.027	3.2338360050718284	0.006206930288717584	0.018264	0	600
41	1744659808.8146775	0.724996729	0.001	0.024	3.233856349125548	0.006206950857424316	0.0183829	0	600
42	1744659809.2156515	0.72487572	0.001	0.021	3.2333322244509732	0.006206420965771828	0.0182113	0	600
43	1744659809.6180496	0.724794175	0.001	0.019	3.2329790296754752	0.006206063909145052	0.018337699999999995	0	600
44	1744659810.019054	0.72481174	0.001	0.016	3.233055108726694	0.006206140818390266	0.018140399999999997	0	600
45	1744659810.4218304	0.72463864	0.001	0.013	3.232305362995642	0.006205382930983851	0.0181718	0	600
46	1744659810.8255017	0.724448817	0.001	0.01	3.231483185156789	0.006204551926626145	0.0181369	0	600
47	1744659811.2261772	0.724483448	0.001	0.007	3.2316331819471533	0.006204703525775293	0.0182063	0	600
48	1744659811.6299164	0.724192579	0.001	0.004	3.230373344910496	0.006203430340480666	0.018128999999999996	0	600
49	1744659812.0308597	0.724106618	0.001	0.001	3.2300010231728473	0.006203054121774196	0.0179933	0	600
50	1744659812.4341166	0.724140093	0.001	-0.001	3.230146012995765	0.006203200626561004	0.017929499999999998	0	600
51	1744659812.8373814	0.724093565	0.001	-0.004	3.229944486887305	0.006202996995652247	0.0180949	0	600
52	1744659813.2400758	0.723700112	0.001	-0.007	3.2282403291338695	0.0062012752951009905	0.0178662	0	600
53	1744659813.64186	0.723693989	0.001	-0.01	3.22821380866529	0.006201248505246083	0.017733	0	600
54	1744659814.045371	0.723577136	0.001	-0.013	3.227707684818319	0.006200737261617787	0.0178367	0	600
55	1744659814.4463928	0.723243454	0.001	-0.016	3.226262412403363	0.006199277591799857	0.017478499999999998	0	600
56	1744659814.849227	0.723223483	0.001	-0.019	3.2261759122762985	0.006199190240438843	0.016908399999999997	0	600
57	1744659815.2513072	0.723287064	0.001	-0.021	3.226451299817177	0.006199468342130435	0.0168659	0	600
58	1744659815.6550162	0.723217841	0.001	-0.024	3.2261514751566303	0.006199165563051375	0.0168438	0	600
59	1744659816.0576572	0.722914079	0.001	-0.027	3.2248357948403057	0.006197837086067028	0.0168163	0	600
60	1744659816.4595923	0.722772887	0.001	-0.03	3.224224251805882	0.006197219688081404	0.0168142	0	600
61	1744659816.862284	0.722842064	0.001	-0.033	3.2245238772272393	0.006197522174751949	0.016848400000000003	0	600
62	1744659817.2674663	0.722453198	0.001	-0.036	3.2228395870859843	0.006195821984919789	0.0167322	0	600
63	1744659817.6698685	0.722379779	0.001	-0.039	3.2225215883463654	0.006195501034605818	0.016759100000000002	0	600
64	1744659818.0711017	0.722472205	0.001	-0.041	3.2229219118526515	0.006195905076407502	0.016742800000000002	0	600
65	1744659818.4831414	0.72245989	0.001	-0.044	3.222868572056708	0.006195851239716043	0.0168216	0	600
66	1744659818.8748662	0.722136511	0.001	-0.047	3.221467924888817	0.006194437705645547	0.0168694	0	600
67	1744659819.277315	0.722145847	0.001	-0.05	3.221508361781625	0.006194478510234411	0.0166935	0	600
68	1744659819.6789408	0.722120654	0.001	-0.053	3.221399243675315	0.0061943684005009636	0.016708399999999998	0	600
69	1744659820.0811443	0.721859208	0.001	-0.056	3.2202668460877897	0.006193225823335844	0.016757300000000003	0	600
70	1744659820.485512	0.721649501	0.001	-0.059	3.2193585449438165	0.006192309503841018	0.0167051	0	600
71	1744659820.8873093	0.721670082	0.001	-0.061	3.2194476871557796	0.006192399427205076	0.016748599999999995	0	600
72	1744659821.289462	0.721691534	0.001	-0.064	3.2195406019184745	0.006192493157518366	0.0167059	0	600
73	1744659821.693801	0.721448915	0.001	-0.067	3.218489749466007	0.00619143316104263	0.0166858	0	600
74	1744659822.094849	0.721334907	0.001	-0.07	3.217995948129752	0.0061909351233103895	0.016726300000000003	0	600
75	1744659822.4971676	0.721302123	0.001	-0.07	3.2178539512259574	0.006190791915348497	0.016719100000000004	0	600
76	1744659822.901803	0.721349286	0.001	-0.067	3.218058227701484	0.006190997935058196	0.016617399999999997	0	600
77	1744659823.302023	0.721516891	0.001	-0.064	3.2187841730120152	0.00619173012888124	0.0166901	0	600
78	1744659823.705553	0.721552084	0.001	-0.061	3.2189366039855156	0.006191883882499682	0.0166904	0	600
79	1744659824.106609	0.721542326	0.001	-0.059	3.218894339289712	0.006191841250703871	0.0167071	0	600
80	1744659824.5095327	0.721507576	0.001	-0.056	3.2187438270762283	0.006191689433479569	0.016758	0	600
81	1744659824.9135768	0.721698748	0.001	-0.053	3.2195718478208653	0.006192524677985963	0.0165894	0	600
82	1744659825.3149562	0.721765049	0.001	-0.05	3.219859016461619	0.0061928143772871065	0.016783	0	600
83	1744659825.7171433	0.721764278	0.001	-0.047	3.2198556770395586	0.00619281100836149	0.0167237	0	600
84	1744659826.1188765	0.722080894	0.001	-0.044	3.221227031715369	0.0061941946273724015	0.0166339	0	600
85	1744659826.5221515	0.72219106	0.001	-0.041	3.22170419224805	0.00619467612506423	0.0167526	0	600
86	1744659826.9255106	0.72225846	0.001	-0.039	3.221996120972908	0.006194970725042693	0.0167888	0	600
87	1744659827.3271341	0.722243882	0.001	-0.036	3.2219329794751186	0.006194907004634597	0.0166994	0	600
88	1744659827.7298214	0.722544611	0.001	-0.033	3.223235522998825	0.006196221618147318	0.016672700000000002	0	600
89	1744659828.1352808	0.722637773	0.001	-0.03	3.2236390343321366	0.006196628923036516	0.0166575	0	600
90	1744659828.534819	0.722725287	0.001	-0.027	3.22401808255806	0.00619701155827597	0.0166731	0	600
91	1744659828.936736	0.722971567	0.001	-0.024	3.225084791851205	0.006198088483916998	0.016669899999999998	0	600
92	1744659829.3464851	0.723133534	0.001	-0.021	3.225786317367215	0.006198796826230778	0.0167183	0	600
93	1744659829.7424858	0.723070392	0.001	-0.019	3.2255128312612062	0.00619852067338744	0.0168332	0	600
94	1744659830.1450372	0.723061523	0.001	-0.016	3.225474417079296	0.006198481885578501	0.0166141	0	600
95	1744659830.5467432	0.723206628	0.001	-0.013	3.2261029084386506	0.0061991165191012535	0.0168518	0	600
96	1744659830.9495473	0.723229316	0.001	-0.01	3.2262011766717302	0.006199215753335039	0.0169579	0	600
97	1744659831.3534505	0.72329767	0.001	-0.007	3.2264972374441183	0.00619951473367221	0.016823	0	600
98	1744659831.7547123	0.723658441	0.001	-0.004	3.2280598400850042	0.0062010929748943485	0.0170129	0	600
99	1744659832.1569526	0.723758416	0.001	-0.001	3.228492860474732	0.006201530397130242	0.017090699999999997	0	600
100	1744659832.5612319	0.723722593	0.001	0.001	3.2283377007905987	0.006201373656778756	0.017082800000000002	0	600
101	1744659832.9621072	0.723764481	0.001	0.004	3.228519129728683	0.006201556934374302	0.016990500000000002	0	600
102	1744659833.36591	0.724049593	0.001	0.007	3.229754031547699	0.006202804557021051	0.017166800000000003	0	600
103	1744659833.7688806	0.724037194	0.001	0.01	3.2297003279236702	0.006202750295191801	0.017148000000000004	0	600
104	1744659834.169197	0.72407292	0.001	0.013	3.2298550674729922	0.0062029066443640615	0.0172288	0	600
105	1744659834.5731208	0.724424544	0.001	0.016	3.2313780518342594	0.0062044456723160425	0.0177291	0	600
106	1744659834.9771047	0.724511466	0.001	0.019	3.231754535938445	0.006204826178737676	0.0182081	0	600
107	1744659835.377617	0.724515068	0.001	0.021	3.2317701372332066	0.006204841947196643	0.0181166	0	600
108	1744659835.780723	0.724565243	0.001	0.024	3.2319874595443308	0.006205061602049966	0.018066699999999998	0	600
109	1744659836.1825373	0.724789185	0.001	0.027	3.232957416554748	0.006206042060342559	0.018034	0	600
110	1744659836.5850468	0.724884731	0.001	0.03	3.2333712536755974	0.006206460422948392	0.0180875	0	600
111	1744659836.9893043	0.724796417	0.001	0.033	3.2329887404202995	0.006206073725805294	0.0180889	0	600
112	1744659837.3900156	0.725095903	0.001	0.036	3.2342859001546143	0.006207385167047551	0.018121099999999998	0	600
113	1744659837.7932055	0.725278769	0.001	0.039	3.235077945231763	0.006208186062521438	0.018212700000000005	0	600
114	1744659838.1983254	0.7252441	0.001	0.041	3.2349277838525032	0.006208034215646198	0.0181113	0	600
115	1744659838.5988472	0.725285663	0.001	0.044	3.2351078051224036	0.006208216257998813	0.018212	0	600
116	1744659839.000996	0.725615835	0.001	0.047	3.2365378747209763	0.006209662563789155	0.018251899999999998	0	600
117	1744659839.4017427	0.725768949	0.001	0.05	3.237201055355663	0.006210333382838451	0.0181301	0	600
118	1744659839.804738	0.7257428	0.001	0.053	3.237087796539249	0.0062102188146333625	0.0181259	0	600
119	1744659840.2092266	0.726044815	0.001	0.056	3.2383959100976756	0.006211542174028037	0.0180885	0	600
120	1744659840.6108959	0.726038506	0.001	0.059	3.238368584009766	0.006211514526712449	0.018101199999999998	0	600
121	1744659841.0134282	0.725946148	0.001	0.061	3.2379685550309762	0.006211109808669076	0.018167500000000003	0	600
122	1744659841.4149218	0.726113369	0.001	0.064	3.2386928371274073	0.006211842599092855	0.018215500000000003	0	600
123	1744659841.8176804	0.726348683	0.001	0.067	3.2397120495303926	0.006212873923853994	0.018207599999999997	0	600
124	1744659842.2207022	0.726541323	0.001	0.07	3.240546428603933	0.00621371834000265	0.018250199999999998	0	600
