	t	Vhall	err_Vhall	I_fuente	B	err_B	Vdiodo	err_Vdiodo	frec_TTL
0	1744409224.0451937	0.39817683	0.001	0.0	1.8183056610949808	0.004976357917059983	0.014418199999999997	0	600
1	1744409224.2654903	0.398275668	0.001	0.009	1.8187337568117097	0.004976654440245573	0.014472400000000002	0	600
2	1744409224.589311	0.398862141	0.001	0.018	1.8212739395276383	0.004978415063800552	0.0144534	0	600
3	1744409224.9985008	0.399255061	0.001	0.027	1.822975788705252	0.00497959573124134	0.0145282	0	600
4	1744409225.3961976	0.399592146	0.001	0.036	1.8244358004889125	0.00498060932573273	0.0144728	0	600
5	1744409225.7978323	0.399678209	0.001	0.045	1.8248085640178064	0.004980868216044613	0.0145488	0	600
6	1744409226.199511	0.400063087	0.001	0.054	1.8264755809876263	0.0049820265037353855	0.014488800000000001	0	600
7	1744409226.6040542	0.400586124	0.001	0.063	1.8287410041992511	0.00498360193468999	0.0145684	0	600
8	1744409227.0054736	0.401064066	0.001	0.072	1.8308111080362843	0.004985042899404599	0.0145414	0	600
9	1744409227.407581	0.40149155	0.001	0.081	1.832662663808052	0.004986332838762717	0.014532799999999998	0	600
10	1744409227.8103068	0.401951965	0.001	0.09	1.8346568531827623	0.004987723311179295	0.014596999999999999	0	600
11	1744409228.213773	0.40246434	0.001	0.099	1.8368760962153894	0.004989272122076732	0.014552	0	600
12	1744409228.615393	0.402964247	0.001	0.108	1.8390413367652045	0.004990784682099261	0.0145726	0	600
13	1744409229.018251	0.403521379	0.001	0.117	1.8414544351975122	0.0049924720581001865	0.014558999999999999	0	600
14	1744409229.421675	0.403797391	0.001	0.126	1.8426499223073858	0.004993308662918822	0.014508000000000002	0	600
15	1744409229.8225625	0.404306533	0.001	0.135	1.8448551622900506	0.004994853027911344	0.014579600000000002	0	600
16	1744409230.225473	0.404433404	0.001	0.144	1.8454046769673718	0.00499523809036722	0.014596600000000001	0	600
17	1744409230.629406	0.404768886	0.001	0.153	1.8468577456984219	0.004996256740934569	0.014591400000000001	0	600
18	1744409231.0318458	0.405333077	0.001	0.162	1.8493014186836787	0.004997971274366491	0.014519400000000002	0	600
19	1744409231.4342847	0.405821157	0.001	0.17	1.8514154331054686	0.0049994559636448955	0.014572600000000002	0	600
20	1744409231.835957	0.406329754	0.001	0.179	1.8536183125368717	0.005001004494651745	0.014586600000000002	0	600
21	1744409232.239262	0.406825296	0.001	0.188	1.8557646470201585	0.005002514680501711	0.014590800000000001	0	600
22	1744409232.6410367	0.407313542	0.001	0.197	1.8578793804355438	0.00500400398509875	0.014633799999999999	0	600
23	1744409233.0429811	0.407699913	0.001	0.206	1.8595528640164354	0.005005183490270809	0.0146242	0	600
24	1744409233.4476273	0.407867909	0.001	0.215	1.8602805028600735	0.005005696606955868	0.014595000000000002	0	600
25	1744409233.8513966	0.408156042	0.001	0.224	1.8615284894962678	0.005006577032367948	0.014551399999999997	0	600
26	1744409234.2514596	0.408642167	0.001	0.233	1.8636340362525223	0.005008063504393267	0.014533	0	600
27	1744409234.6537735	0.409278106	0.001	0.242	1.8663884703972908	0.005010010081394487	0.014506200000000002	0	600
28	1744409235.0559983	0.4097574	0.001	0.251	1.8684644301339681	0.005011478675737289	0.0145706	0	600
29	1744409235.458423	0.410228755	0.001	0.26	1.8705060037853836	0.005012924200375551	0.0146144	0	600
30	1744409235.8617473	0.410734291	0.001	0.269	1.8726956251481397	0.005014475932403156	0.014565	0	600
31	1744409236.2636347	0.411266734	0.001	0.278	1.875001788442643	0.005016111801216095	0.0146032	0	600
32	1744409236.6669655	0.411737466	0.001	0.287	1.8770406637024326	0.005017559390241284	0.0145488	0	600
33	1744409237.0694504	0.412223463	0.001	0.296	1.879145656053987	0.005019055220560012	0.0145986	0	600
34	1744409237.4705863	0.412339382	0.001	0.305	1.879647734479162	0.00501941219765136	0.014604200000000001	0	600
35	1744409237.8735182	0.4127183	0.001	0.314	1.8812889369801369	0.005020579613440978	0.014601600000000001	0	600
36	1744409238.275939	0.413218217	0.001	0.323	1.8834542208428193	0.0050221210420969735	0.014562599999999998	0	600
37	1744409238.678413	0.413734317	0.001	0.332	1.8856895979184747	0.005023713829378346	0.0145824	0	600
38	1744409239.0814085	0.414142296	0.001	0.341	1.8874566719427894	0.005024973982855877	0.014623	0	600
39	1744409239.4828293	0.414664585	0.001	0.35	1.8897188553519482	0.005026588564536888	0.014713400000000001	0	600
40	1744409239.8860407	0.414882016	0.001	0.35	1.8906606113545386	0.005027261168209642	0.014594200000000002	0	600
41	1744409240.2896147	0.41474485	0.001	0.343	1.8900665060804456	0.0050268368266771155	0.014612999999999998	0	600
42	1744409240.6910105	0.414469575	0.001	0.336	1.8888742111288837	0.0050259855416713356	0.0145332	0	600
43	1744409241.0933423	0.414109654	0.001	0.328	1.887315290081709	0.005024873125136009	0.014531399999999996	0	600
44	1744409241.498029	0.413811775	0.001	0.321	1.886025090725152	0.005023953008142703	0.014591000000000002	0	600
45	1744409241.8984609	0.413305608	0.001	0.314	1.883832736320476	0.0050223906437994355	0.014602599999999999	0	600
46	1744409242.3018308	0.413214778	0.001	0.307	1.883439325547793	0.005022110433633537	0.014548	0	600
47	1744409242.7034826	0.412953371	0.001	0.3	1.8823070968804498	0.005021304250627983	0.014613000000000001	0	600
48	1744409243.1057792	0.412670449	0.001	0.293	1.881081680579348	0.005020432144194854	0.014539	0	600
49	1744409243.5116322	0.41229307	0.001	0.285	1.8794471439286335	0.005019269569043202	0.014536799999999997	0	600
50	1744409243.9141521	0.411928518	0.001	0.278	1.8778681646926634	0.005018147264079806	0.0144786	0	600
51	1744409244.315536	0.411604036	0.001	0.271	1.8764627401155218	0.005017148942270959	0.0144432	0	600
52	1744409244.717921	0.411062964	0.001	0.264	1.8741192021479205	0.00501548555444322	0.014587600000000001	0	600
53	1744409245.1184063	0.410802812	0.001	0.257	1.8729924092454098	0.005014686366246977	0.014644600000000002	0	600
54	1744409245.5218954	0.410485981	0.001	0.249	1.8716201233429548	0.005013713571331235	0.014589200000000002	0	600
55	1744409245.9234445	0.409995799	0.001	0.242	1.8694970045564816	0.005012209628596053	0.014597600000000002	0	600
56	1744409246.3266833	0.409666058	0.001	0.235	1.868068801742485	0.005011198697334779	0.014538800000000001	0	600
57	1744409246.7306762	0.409414886	0.001	0.228	1.8669809037947103	0.0050104290546396785	0.0145906	0	600
58	1744409247.13131	0.409219758	0.001	0.221	1.8661357484798131	0.005009831386539951	0.014553400000000003	0	600
59	1744409247.5333564	0.408620455	0.001	0.214	1.8635399953552803	0.005007997085154039	0.014588199999999999	0	600
60	1744409247.9376683	0.408545459	0.001	0.206	1.863215166176505	0.0050077676850555745	0.0145972	0	600
61	1744409248.3386967	0.408184768	0.001	0.199	1.8616529100385566	0.0050066648337456525	0.014579799999999999	0	600
62	1744409248.7413757	0.407754621	0.001	0.192	1.859789820050256	0.005005350569597065	0.014560399999999998	0	600
63	1744409249.1459522	0.407291436	0.001	0.185	1.8577836330113346	0.005003936525790556	0.0145952	0	600
64	1744409249.5468295	0.407006118	0.001	0.178	1.8565478389472543	0.005003066088154149	0.014583799999999997	0	600
65	1744409249.9491234	0.406711257	0.001	0.17	1.855270711414015	0.005002167019026866	0.014576	0	600
66	1744409250.3514843	0.40620819	0.001	0.163	1.8530917839981682	0.005000634234612903	0.0145602	0	600
67	1744409250.7535384	0.40594392	0.001	0.156	1.8519471548569484	0.004999829607855661	0.014552200000000001	0	600
68	1744409251.1574366	0.405701116	0.001	0.149	1.8508955011164379	0.004999090686462427	0.014556799999999998	0	600
69	1744409251.5597887	0.405230332	0.001	0.142	1.8488564006297392	0.004997658906116621	0.014561399999999999	0	600
70	1744409251.9629362	0.405069573	0.001	0.135	1.848160107308086	0.00499717028179501	0.014604200000000001	0	600
71	1744409252.36304	0.404693302	0.001	0.127	1.846530369723056	0.0049960271836677166	0.0145716	0	600
72	1744409252.7662864	0.404191539	0.001	0.12	1.8443570903050905	0.0049945040917308	0.014588600000000002	0	600
73	1744409253.1700099	0.40364514	0.001	0.113	1.8419904795731374	0.0049928471298633075	0.014604599999999999	0	600
74	1744409253.575256	0.403500234	0.001	0.106	1.8413628501398398	0.00499240798446318	0.014551600000000001	0	600
75	1744409253.9754908	0.40317229	0.001	0.099	1.8399424306480772	0.004991414572299121	0.014570200000000002	0	600
76	1744409254.3930154	0.402666366	0.001	0.092	1.837751128746074	0.004989883217800904	0.014539400000000003	0	600
77	1744409254.778832	0.402099866	0.001	0.084	1.8352974548197831	0.004988170234196945	0.014598	0	600
78	1744409255.1810079	0.401879153	0.001	0.077	1.8343414835341814	0.004987503335647705	0.014591799999999999	0	600
79	1744409255.5848916	0.401628116	0.001	0.07	1.8332541703101137	0.004986745147945705	0.0145756	0	600
80	1744409255.9855227	0.401373759	0.001	0.07	1.8321524772141393	0.004985977298820062	0.014562199999999997	0	600
81	1744409256.3891017	0.401372852	0.001	0.069	1.8321485487370852	0.004985974561440834	0.0145486	0	600
82	1744409256.7932677	0.401374652	0.001	0.067	1.8321563450531793	0.0049859799939510445	0.0145882	0	600
83	1744409257.1934805	0.401342786	0.001	0.066	1.832018324270593	0.004985883823138937	0.014574	0	600
84	1744409257.597122	0.401041791	0.001	0.064	1.8307146286246194	0.0049849757127829256	0.0145998	0	600
85	1744409257.999235	0.400744983	0.001	0.063	1.8294290680761385	0.004984080740041412	0.014561399999999999	0	600
86	1744409258.4013479	0.400808266	0.001	0.062	1.8297031648935744	0.0049842715167863075	0.0145552	0	600
87	1744409258.805342	0.400803618	0.001	0.06	1.8296830330729046	0.004984257503868915	0.014539	0	600
88	1744409259.205747	0.400796606	0.001	0.059	1.8296526620904312	0.004984236364132684	0.014552599999999999	0	600
89	1744409259.610647	0.400753158	0.001	0.057	1.8294644763450658	0.004984105383605334	0.014526800000000001	0	600
90	1744409260.0134716	0.400732573	0.001	0.056	1.829375316807956	0.004984043330784232	0.014541400000000001	0	600
91	1744409260.4136539	0.400275903	0.001	0.054	1.8273973481020085	0.004982667334959262	0.0145422	0	600
92	1744409260.8177943	0.400327189	0.001	0.053	1.8276194824726772	0.0049828218059186	0.014565999999999999	0	600
93	1744409261.219283	0.400237579	0.001	0.052	1.8272313558697912	0.004982551914712974	0.014546600000000002	0	600
94	1744409261.621658	0.400233752	0.001	0.05	1.8272147800355176	0.004982540389411574	0.014523000000000003	0	600
95	1744409262.0256226	0.400139476	0.001	0.049	1.826806443648801	0.004982256496451492	0.014588800000000002	0	600
96	1744409262.4266047	0.400178597	0.001	0.047	1.8269758879165336	0.0049823742952152935	0.014518999999999999	0	600
97	1744409262.8309486	0.400156305	0.001	0.046	1.8268793348729944	0.004982307169837437	0.014534999999999998	0	600
98	1744409263.2312217	0.399772012	0.001	0.045	1.8252148517059053	0.004981150437597624	0.014575399999999997	0	600
99	1744409263.637539	0.39958061	0.001	0.043	1.8243858347653228	0.004980574626942752	0.0145274	0	600
100	1744409264.0373573	0.399670017	0.001	0.042	1.8247730821170047	0.004980843571468117	0.0145518	0	600
101	1744409264.4426036	0.399719257	0.001	0.04	1.8249863546750464	0.004980991709434176	0.014531399999999996	0	600
102	1744409264.843261	0.399652187	0.001	0.039	1.8246958552748056	0.0049807899335351045	0.01451	0	600
103	1744409265.253627	0.399687444	0.001	0.037	1.8248485634506562	0.004980895998811702	0.014556000000000003	0	600
104	1744409265.64734	0.399653084	0.001	0.036	1.8246997404389926	0.004980792631934022	0.0145446	0	600
105	1744409266.049427	0.39963658	0.001	0.035	1.824628256882983	0.0049807429845359664	0.0145624	0	600
106	1744409266.4535477	0.399230268	0.001	0.033	1.8228684031136289	0.004979521205798978	0.014521799999999998	0	600
107	1744409266.8540661	0.399109899	0.001	0.032	1.8223470504625543	0.004979159437756124	0.014524199999999998	0	600
108	1744409267.2583382	0.399077451	0.001	0.03	1.8222065088710977	0.004979061929728748	0.014524600000000002	0	600
109	1744409267.661385	0.39907637	0.001	0.029	1.8222018267501543	0.004979058681367792	0.014512799999999998	0	600
110	1744409268.062215	0.399051293	0.001	0.028	1.8220932110731027	0.004978983327879362	0.014500599999999999	0	600
111	1744409268.4652417	0.398995939	0.001	0.026	1.8218534570280618	0.004978817008228783	0.0145404	0	600
112	1744409268.8664398	0.399046478	0.001	0.025	1.8220723559275511	0.00497896885977191	0.014508600000000002	0	600
113	1744409269.2689595	0.398652865	0.001	0.023	1.8203675051682413	0.004977786580158719	0.014532000000000003	0	600
114	1744409269.6731722	0.398494264	0.001	0.022	1.8196805587633273	0.004977310447158215	0.014524600000000002	0	600
115	1744409270.0736248	0.398555014	0.001	0.021	1.819943684431504	0.004977492806554938	0.014523799999999998	0	600
116	1744409270.4767685	0.39850854	0.001	0.019	1.8197423922125273	0.004977353298967829	0.014530800000000002	0	600
117	1744409270.879233	0.398504716	0.001	0.018	1.819725829372114	0.004977341820475782	0.014542999999999997	0	600
118	1744409271.2819562	0.398411795	0.001	0.016	1.8193233618789015	0.004977062925444173	0.014536199999999999	0	600
119	1744409271.6847498	0.398157404	0.001	0.015	1.8182215215191784	0.004976299643831216	0.014488199999999998	0	600
120	1744409272.0866246	0.397857804	0.001	0.013	1.8169238680181778	0.004975401191096166	0.0144936	0	600
121	1744409272.4891522	0.397747055	0.001	0.012	1.8164441823453399	0.0049750692026257985	0.0144818	0	600
122	1744409272.8929536	0.397704518	0.001	0.011	1.8162599424021755	0.004974941709603024	0.014492999999999997	0	600
123	1744409273.2953243	0.397782597	0.001	0.009	1.8165981249379053	0.004975175737999982	0.014485000000000001	0	600
124	1744409273.6967168	0.397654276	0.001	0.008	1.8160423298948414	0.0049747911363062095	0.014499800000000002	0	600
125	1744409274.1009455	0.397652085	0.001	0.006	1.8160328400456403	0.004974784570294611	0.014503200000000003	0	600
126	1744409274.5053983	0.397765899	0.001	0.005	1.8165258011122718	0.004975125685675468	0.0145238	0	600
127	1744409274.9072027	0.39734211	0.001	0.004	1.8146902494449308	0.004973855911315617	0.014507399999999998	0	600
128	1744409275.3092809	0.397215732	0.001	0.002	1.814142870091962	0.004973477451566819	0.01444	0	600
129	1744409275.7096293	0.397214796	0.001	0.001	1.8141388160075929	0.004973474648902273	0.014409200000000002	0	600
130	1744409276.1175852	0.397129236	0.001	-0.001	1.8137682311159187	0.004973218477841647	0.014443599999999997	0	600
131	1744409276.5148826	0.397162788	0.001	-0.002	1.8139135544479132	0.004973318929258614	0.014430199999999999	0	600
132	1744409276.9173493	0.397219351	0.001	-0.004	1.8141585450185977	0.00497348828798481	0.014427399999999998	0	600
133	1744409277.3212848	0.396829105	0.001	-0.005	1.8124682777016705	0.00497232020217976	0.014407599999999998	0	600
134	1744409277.7223353	0.396750225	0.001	-0.006	1.812126625805279	0.0049720842044392805	0.0143728	0	600
135	1744409278.1251001	0.396686293	0.001	-0.008	1.8118497179827624	0.0049718929551937205	0.014377000000000001	0	600
136	1744409278.528618	0.39674303	0.001	-0.009	1.812095462197336	0.0049720626798001035	0.014320200000000002	0	600
137	1744409278.9298143	0.396699515	0.001	-0.011	1.8119069862557604	0.004971932506192988	0.014341999999999999	0	600
138	1744409279.3330245	0.396667618	0.001	-0.012	1.8117688312032858	0.004971837094332794	0.0143906	0	600
139	1744409279.7373347	0.396605415	0.001	-0.013	1.8114994121755064	0.004971651046491827	0.0143094	0	600
140	1744409280.1378	0.396562357	0.001	-0.015	1.8113129156319612	0.004971522273947637	0.014361000000000002	0	600
141	1744409280.5413146	0.396284781	0.001	-0.016	1.8101106543896592	0.004970692389524484	0.0142978	0	600
142	1744409280.9419372	0.396003694	0.001	-0.018	1.808893185999687	0.004969852459158204	0.0141846	0	600
143	1744409281.3455229	0.396037842	0.001	-0.019	1.809041090778566	0.0049699544743038735	0.0142784	0	600
144	1744409281.7492757	0.396097183	0.001	-0.021	1.809298113663756	0.004970131768001435	0.014236800000000003	0	600
145	1744409282.15092	0.395946243	0.001	-0.022	1.808644349246396	0.004969680842792463	0.014234	0	600
146	1744409282.5528562	0.396084947	0.001	-0.023	1.8092451160394627	0.00497009520872588	0.014227400000000001	0	600
147	1744409282.9544983	0.3956751	0.001	-0.025	1.807469951171557	0.0049688711465000375	0.013899400000000001	0	600
148	1744409283.356786	0.395534057	0.001	-0.026	1.8068590534988547	0.004968450126347836	0.01321	0	600
149	1744409283.7611446	0.395483731	0.001	-0.028	1.8066410771634365	0.004968299928513727	0.013207999999999998	0	600
150	1744409284.1627827	0.395495216	0.001	-0.029	1.8066908219914035	0.004968334204187237	0.013239	0	600
151	1744409284.5673351	0.395485629	0.001	-0.03	1.806649297945629	0.004968305592826059	0.013241800000000001	0	600
152	1744409284.9701211	0.395443092	0.001	-0.032	1.8064650580024646	0.004968178652143782	0.0132264	0	600
153	1744409285.3703313	0.395299022	0.001	-0.033	1.805841049524864	0.004967748789815024	0.013208799999999998	0	600
154	1744409285.7729397	0.394891846	0.001	-0.035	1.8040774535237847	0.00496653454290019	0.013219	0	600
155	1744409286.1746633	0.394749268	0.001	-0.036	1.8034599073259687	0.004966109584157683	0.0132162	0	600
156	1744409286.577594	0.394750252	0.001	-0.037	1.8034641693121003	0.004966112516602978	0.013181000000000002	0	600
157	1744409286.98091	0.394740249	0.001	-0.039	1.8034208434510504	0.004966082706649145	0.013185800000000001	0	600
158	1744409287.3822052	0.394799116	0.001	-0.04	1.8036758133063355	0.00496625814456106	0.0132346	0	600
159	1744409287.7855172	0.394873195	0.001	-0.042	1.8039966706951893	0.0049664789462819745	0.013212400000000003	0	600
160	1744409288.1888769	0.394920576	0.001	-0.043	1.8042018913912206	0.004966620187849807	0.0132046	0	600
161	1744409288.5898004	0.394836486	0.001	-0.045	1.803837673491023	0.004966369526567149	0.013209199999999999	0	600
162	1744409288.9926589	0.394453811	0.001	-0.046	1.802180198345845	0.0049652293370138776	0.0132026	0	600
163	1744409289.3965843	0.394282397	0.001	-0.047	1.8014377551642011	0.004964718878494049	0.013217800000000002	0	600
164	1744409289.798464	0.394338768	0.001	-0.049	1.8016819141278357	0.004964886728569706	0.0131824	0	600
165	1744409290.201564	0.394326037	0.001	-0.05	1.8016267725166166	0.004964848819190807	0.01322	0	600
166	1744409290.6028497	0.394379839	0.001	-0.052	1.80185980440467	0.004965009032960057	0.013186	0	600
167	1744409291.0051575	0.394397975	0.001	-0.053	1.8019383566206053	0.004965063042834283	0.013186799999999999	0	600
168	1744409291.4089503	0.39434484	0.001	-0.054	1.8017082137007931	0.004964904809626866	0.0131852	0	600
169	1744409291.8103216	0.39395701	0.001	-0.056	1.800028410772579	0.004963750365573218	0.0132042	0	600
170	1744409292.2134664	0.393737869	0.001	-0.057	1.7990792482696993	0.004963098437584165	0.013178599999999999	0	600
171	1744409292.6171565	0.393895709	0.001	-0.059	1.79976289856542	0.0049635679717941385	0.0132026	0	600
172	1744409293.0170846	0.393789675	0.001	-0.06	1.7993036349094618	0.004963252531524195	0.013260799999999998	0	600
173	1744409293.4205396	0.39372833	0.001	-0.062	1.7990379321256873	0.004963070066070964	0.0131778	0	600
174	1744409293.823084	0.393750006	0.001	-0.063	1.7991318170966073	0.0049631345369968586	0.0132512	0	600
175	1744409294.2253397	0.39373864	0.001	-0.064	1.7990825876917595	0.004963100730765368	0.013252799999999999	0	600
176	1744409294.6290212	0.393468636	0.001	-0.066	1.7979131229524934	0.004962297869115292	0.013174	0	600
177	1744409295.0340018	0.393242083	0.001	-0.067	1.796931856952453	0.004961624534567502	0.0131944	0	600
178	1744409295.4344187	0.393284856	0.001	-0.069	1.7971171190792832	0.00496175163681555	0.013223000000000002	0	600
179	1744409295.8365908	0.393240523	0.001	-0.07	1.7969251001451714	0.004961619899144152	0.013198000000000001	0	600
180	1744409296.2383974	0.393252439	0.001	-0.07	1.7969767117577147	0.004961655307003556	0.013181600000000002	0	600
181	1744409296.640405	0.39283906	0.001	-0.077	1.7951862487851176	0.004960427449303902	0.013142199999999998	0	600
182	1744409297.042356	0.392691179	0.001	-0.084	1.794545733773831	0.004959988438932625	0.013220400000000002	0	600
183	1744409297.4454272	0.39226944	0.001	-0.092	1.7927190612442636	0.004958737128309635	0.0131288	0	600
184	1744409297.8490984	0.391860631	0.001	-0.099	1.7909483922519722	0.004957525163737816	0.013228599999999998	0	600
185	1744409298.2507885	0.391331483	0.001	-0.106	1.788656500547208	0.004955957876598899	0.013220400000000002	0	600
186	1744409298.6540904	0.390968873	0.001	-0.113	1.7870859326700457	0.004954884796611498	0.0132164	0	600
187	1744409299.0565617	0.390654256	0.001	-0.12	1.7857232362363866	0.004953954361305471	0.013194	0	600
188	1744409299.4585896	0.390125135	0.001	-0.127	1.783431461476364	0.004952390856377547	0.013184199999999998	0	600
189	1744409299.8606725	0.389379969	0.001	-0.135	1.7802039338771432	0.004950191716293528	0.013176799999999999	0	600
190	1744409300.2651386	0.389398231	0.001	-0.142	1.780283031835205	0.004950245572668754	0.013206599999999999	0	600
191	1744409300.6657739	0.388996342	0.001	-0.149	1.7785423353470087	0.004949060812279632	0.013217999999999999	0	600
192	1744409301.0686677	0.388485279	0.001	-0.156	1.776328774962557	0.004947555567227808	0.013199000000000002	0	600
193	1744409301.4722762	0.388383776	0.001	-0.163	1.7758891363667224	0.004947256789299864	0.0132082	0	600
194	1744409301.8732429	0.387958715	0.001	-0.17	1.7740480753026744	0.004946006258384467	0.013197200000000001	0	600
195	1744409302.2763166	0.387587265	0.001	-0.178	1.7724392188509168	0.0049449143138665065	0.013170999999999999	0	600
196	1744409302.6776123	0.387334753	0.001	-0.185	1.7713455169789385	0.0049441724688095556	0.013198200000000002	0	600
197	1744409303.080986	0.386926731	0.001	-0.192	1.7695782567092952	0.0049429745438410826	0.013207199999999999	0	600
198	1744409303.4849422	0.386446047	0.001	-0.199	1.7674962764840787	0.004941564536097241	0.0131888	0	600
199	1744409303.8853576	0.385862565	0.001	-0.206	1.7649690486467262	0.004939854802745315	0.013189799999999998	0	600
200	1744409304.288309	0.385669797	0.001	-0.214	1.7641341151684857	0.004939290387035134	0.0132744	0	600
201	1744409304.6904068	0.385339531	0.001	-0.221	1.7627036384289618	0.0049383238893705265	0.013186	0	600
202	1744409305.0946739	0.384763846	0.001	-0.228	1.7602101816341573	0.004936640720205171	0.013192599999999999	0	600
203	1744409305.508667	0.384617454	0.001	-0.235	1.7595761159087953	0.004936213013911926	0.0131638	0	600
204	1744409305.9004045	0.384307712	0.001	-0.242	1.7582345344978911	0.004935308470424398	0.013186599999999998	0	600
205	1744409306.301456	0.383718564	0.001	-0.249	1.7556827655899891	0.004933589528520481	0.0131992	0	600
206	1744409306.7044468	0.383224435	0.001	-0.257	1.7535425512148362	0.004932149393588592	0.013234200000000002	0	600
207	1744409307.1056526	0.383048147	0.001	-0.264	1.7527789973417243	0.004931635951108735	0.013172600000000001	0	600
208	1744409307.5083735	0.382644756	0.001	-0.271	1.751031795260876	0.004930461754292964	0.013187	0	600
209	1744409307.9123404	0.382144928	0.001	-0.278	1.7488668968827117	0.004929008176067425	0.013203999999999999	0	600
210	1744409308.3134868	0.381962523	0.001	-0.285	1.74807684852874	0.00492847808026398	0.013253000000000001	0	600
211	1744409308.716315	0.38158827	0.001	-0.293	1.746455851480309	0.00492739105993245	0.013166	0	600
212	1744409309.1184375	0.381077469	0.001	-0.3	1.7442434258929775	0.004925908768321833	0.013207200000000002	0	600
213	1744409309.5217552	0.380510326	0.001	-0.307	1.7417869669493262	0.004924264782596898	0.0131716	0	600
214	1744409309.926305	0.380463609	0.001	-0.314	1.7415846222276765	0.0049241294480493044	0.013112200000000001	0	600
215	1744409310.3262467	0.38003138	0.001	-0.321	1.739712514500427	0.004922877935040482	0.013165	0	600
216	1744409310.728509	0.379536467	0.001	-0.328	1.7375689043964866	0.004921446278311925	0.0131952	0	600
217	1744409311.132563	0.379035613	0.001	-0.336	1.7353995621181484	0.004919998911882211	0.013152799999999997	0	600
218	1744409311.5333226	0.378914353	0.001	-0.343	1.7348743502906074	0.004919648718505023	0.013148199999999999	0	600
219	1744409311.9376173	0.37849618	0.001	-0.35	1.7330631231294797	0.00491844172233762	0.0132136	0	600
220	1744409312.3407168	0.37836881	0.001	-0.35	1.7325114471400858	0.004918074293164839	0.0131438	0	600
221	1744409312.7421453	0.378624731	0.001	-0.343	1.7336199143684887	0.004918812655935187	0.013141	0	600
222	1744409313.1439145	0.378804957	0.001	-0.336	1.7344005248487	0.004919332862583679	0.013134799999999999	0	600
223	1744409313.5459015	0.37905181	0.001	-0.328	1.7354697159691355	0.004920045694678791	0.0131604	0	600
224	1744409313.9487395	0.379462224	0.001	-0.321	1.7372473366766108	0.0049212316373339554	0.013191	0	600
225	1744409314.3519356	0.379925305	0.001	-0.314	1.7392530732617135	0.004922570965184443	0.01316	0	600
226	1744409314.752402	0.380096191	0.001	-0.307	1.73999322952397	0.004923065523986463	0.013154599999999999	0	600
227	1744409315.15792	0.380352962	0.001	-0.3	1.741105378346084	0.00492380896603958	0.0132104	0	600
228	1744409315.5619879	0.380662591	0.001	-0.293	1.7424464703215887	0.004924705968817093	0.0131914	0	600
229	1744409315.9614995	0.381183829	0.001	-0.285	1.744704101548406	0.004926217287106378	0.013187399999999998	0	600
230	1744409316.3715236	0.381201612	0.001	-0.278	1.7447811248201295	0.004926268876825321	0.0131894	0	600
231	1744409316.7656639	0.381522349	0.001	-0.271	1.7461703287285082	0.0049271996775026765	0.013196400000000002	0	600
232	1744409317.1688352	0.381950066	0.001	-0.264	1.7480228936900817	0.004928441885539574	0.013220199999999998	0	600
233	1744409317.5719507	0.382159335	0.001	-0.257	1.7489292977304718	0.004929050053286302	0.013177600000000001	0	600
234	1744409317.972831	0.382411599	0.001	-0.249	1.7500219254433436	0.004929783514072098	0.0131474	0	600
235	1744409318.3752851	0.382866379	0.001	-0.242	1.7519917080173921	0.004931106739448078	0.0131638	0	600
236	1744409318.7781546	0.383399873	0.001	-0.235	1.754302423494237	0.004932660541869063	0.013194799999999998	0	600
237	1744409319.1811042	0.383522207	0.001	-0.228	1.7548322871237143	0.004933017075802699	0.0132102	0	600
238	1744409319.5846014	0.383856794	0.001	-0.221	1.7562814793531512	0.004933992655581693	0.013186800000000002	0	600
239	1744409319.9862707	0.384304902	0.001	-0.214	1.758222363582211	0.004935300266922872	0.0132044	0	600
240	1744409320.389179	0.384507726	0.001	-0.206	1.7591008524796972	0.004935892509452068	0.013228	0	600
241	1744409320.7921402	0.384764811	0.001	-0.199	1.760214361325841	0.004936643540015147	0.013197799999999999	0	600
242	1744409321.1942024	0.385167813	0.001	-0.192	1.7619598785361554	0.004937821622541797	0.0131744	0	600
243	1744409321.5964901	0.385711527	0.001	-0.185	1.764314859763268	0.0049394125520779335	0.013213800000000001	0	600
244	1744409322.00048	0.385820937	0.001	-0.178	1.7647887458431892	0.004939732899487144	0.0132132	0	600
245	1744409322.401004	0.386213855	0.001	-0.17	1.7664905863582299	0.004940883922780855	0.013179399999999999	0	600
246	1744409322.8045793	0.386704255	0.001	-0.163	1.7686146493652077	0.004942321779075751	0.013192400000000002	0	600
247	1744409323.2080462	0.38682505	0.001	-0.156	1.7691378471444246	0.004942676166677062	0.013213800000000001	0	600
248	1744409323.6092844	0.387151278	0.001	-0.149	1.7705508341481775	0.004943633678327781	0.013184999999999999	0	600
249	1744409324.012379	0.387702051	0.001	-0.142	1.7729363899282393	0.0049452516621573545	0.0131802	0	600
250	1744409324.416406	0.387834612	0.001	-0.135	1.7735105496269914	0.00494564134561864	0.0132028	0	600
251	1744409324.8159604	0.388094562	0.001	-0.127	1.774636467609585	0.004946405806202815	0.013164799999999999	0	600
252	1744409325.2218418	0.388577069	0.001	-0.12	1.7767263437704903	0.004947825806256944	0.013189799999999998	0	600
253	1744409325.6263332	0.389090682	0.001	-0.113	1.7789509489360755	0.004949338840213861	0.013193199999999999	0	600
254	1744409326.0254624	0.389256717	0.001	-0.106	1.7796700941264578	0.004949828285152097	0.013186599999999998	0	600
255	1744409326.4276466	0.389618682	0.001	-0.099	1.7812378683236865	0.004950895856668957	0.013231999999999999	0	600
256	1744409326.8283827	0.390132336	0.001	-0.092	1.7834626510720273	0.004952412123771616	0.013184399999999999	0	600
257	1744409327.2366858	0.390668162	0.001	-0.084	1.7857834671095005	0.004953995474202859	0.013206200000000001	0	600
258	1744409327.6340132	0.390787259	0.001	-0.077	1.7862993103638687	0.0049543476288033276	0.01321	0	600
259	1744409328.0369306	0.39108314	0.001	-0.07	1.7875808558095612	0.004955222867257791	0.013206599999999999	0	600
260	1744409328.440142	0.391275822	0.001	-0.07	1.7884154167971438	0.004955793108211141	0.0132076	0	600
261	1744409328.8419251	0.391332621	0.001	-0.069	1.788661429551494	0.004955961245508062	0.013203999999999999	0	600
262	1744409329.2446582	0.391329169	0.001	-0.067	1.7886464779497402	0.004955951026309393	0.0131802	0	600
263	1744409329.648346	0.391258078	0.001	-0.066	1.7883385624456027	0.004955740585975886	0.0131822	0	600
264	1744409330.0494843	0.39160602	0.001	-0.064	1.789845599009171	0.0049567708271552055	0.0131666	0	600
265	1744409330.4521382	0.391723653	0.001	-0.063	1.7903551012597825	0.004957119292042172	0.0131748	0	600
266	1744409330.8562582	0.391708122	0.001	-0.062	1.7902878320457503	0.004957073279881859	0.0131774	0	600
267	1744409331.2575712	0.391768944	0.001	-0.06	1.7905512695665708	0.004957253479194336	0.013176199999999999	0	600
268	1744409331.6598067	0.391812169	0.001	-0.059	1.7907384894349978	0.004957381556328745	0.0131832	0	600
269	1744409332.061392	0.391753515	0.001	-0.057	1.790484442143784	0.004957207765167159	0.0131952	0	600
270	1744409332.464862	0.391751765	0.001	-0.056	1.7904768623920257	0.004957202580242391	0.0131878	0	600
271	1744409332.868005	0.392057503	0.001	-0.054	1.7918011013309072	0.004958108694230553	0.013168000000000003	0	600
272	1744409333.2696915	0.392216869	0.001	-0.053	1.7924913611701612	0.004958581220911007	0.0131814	0	600
273	1744409333.6732633	0.392313345	0.001	-0.052	1.7929092263876594	0.0049588673476061934	0.013169599999999998	0	600
274	1744409334.075937	0.392346994	0.001	-0.05	1.7930549698544658	0.0049589671558420935	0.013164200000000001	0	600
275	1744409334.4766278	0.392359775	0.001	-0.049	1.793110328030021	0.004959005068018718	0.0131716	0	600
276	1744409334.8816786	0.392442356	0.001	-0.047	1.7934680100185592	0.004959250050150268	0.0131766	0	600
277	1744409335.2821796	0.392391939	0.001	-0.046	1.7932496395360495	0.004959100480013016	0.0131854	0	600
278	1744409335.686551	0.392710272	0.001	-0.045	1.7946284310311562	0.0049600451127026724	0.013193	0	600
279	1744409336.09017	0.392831874	0.001	-0.043	1.7951551241587551	0.004960406113495206	0.013177600000000001	0	600
280	1744409336.4899044	0.392807755	0.001	-0.042	1.7950506578543803	0.004960334504437764	0.0132106	0	600
281	1744409336.891466	0.392745736	0.001	-0.04	1.7947820357833573	0.00496015038612127	0.013175800000000001	0	600
282	1744409337.2961216	0.392661564	0.001	-0.039	1.794417462717649	0.004959900536870536	0.013189800000000002	0	600
283	1744409337.6964288	0.392720018	0.001	-0.037	1.7946706437515192	0.00496007404257633	0.013195599999999998	0	600
284	1744409338.099862	0.392697522	0.001	-0.036	1.7945732071254894	0.0049600072666317364	0.013175000000000001	0	600
285	1744409338.5017138	0.392802696	0.001	-0.035	1.7950287458748693	0.004960319484746631	0.013208800000000001	0	600
286	1744409338.9044266	0.393147508	0.001	-0.033	1.7965222255110072	0.00496134353743684	0.013170999999999999	0	600
287	1744409339.308216	0.393342614	0.001	-0.032	1.7973672855375966	0.004961923284559033	0.013154599999999999	0	600
288	1744409339.7097747	0.393322415	0.001	-0.03	1.7972797978771604	0.0049618632540989	0.0131592	0	600
289	1744409340.1116905	0.393281797	0.001	-0.029	1.7971038696732098	0.004961742546483221	0.0131918	0	600
290	1744409340.5159042	0.393336198	0.001	-0.028	1.797339496002008	0.004961904216259086	0.0131824	0	600
291	1744409340.9162636	0.393307429	0.001	-0.026	1.79721488921439	0.004961818717947729	0.0131708	0	600
292	1744409341.319864	0.393260564	0.001	-0.025	1.797011903462306	0.004961679450546849	0.0131914	0	600
293	1744409341.7243252	0.393606829	0.001	-0.023	1.7985116764580467	0.004962708735857001	0.013191599999999998	0	600
294	1744409342.124692	0.393772891	0.001	-0.022	1.7992309385931708	0.0049632026067941894	0.0131682	0	600
295	1744409342.5278895	0.393794116	0.001	-0.021	1.7993228701537807	0.004963265741741727	0.013164	0	600
296	1744409342.9294448	0.393681418	0.001	-0.019	1.7988347428031273	0.004962930544996897	0.013197	0	600
297	1744409343.331852	0.393590769	0.001	-0.018	1.7984421159933404	0.004962660981612245	0.0131542	0	600
298	1744409343.7363448	0.393540948	0.001	-0.016	1.798226326957715	0.004962512848855919	0.0131902	0	600
299	1744409344.1376033	0.393946013	0.001	-0.015	1.7999807796125304	0.004963717643721786	0.013173399999999998	0	600
300	1744409344.5403936	0.394195923	0.001	-0.013	1.801063211476466	0.004964461429451797	0.013166800000000001	0	600
301	1744409344.941362	0.394157319	0.001	-0.012	1.8008960064839672	0.004964346512148043	0.013162000000000002	0	600
302	1744409345.3455687	0.394204317	0.001	-0.011	1.8010995682971849	0.004964486418047817	0.013172600000000001	0	600
303	1744409345.75476	0.394337346	0.001	-0.009	1.8016757550381213	0.004964882494202651	0.0131806	0	600
304	1744409346.1531804	0.394177037	0.001	-0.008	1.8009814107954916	0.004964405208084798	0.0131696	0	600
305	1744409346.5536056	0.394165622	0.001	-0.006	1.8009319691575947	0.004964371227990115	0.013225	0	600
306	1744409346.9559407	0.394044311	0.001	-0.005	1.8004065364344308	0.004964010156658557	0.0132716	0	600
307	1744409347.357153	0.394415881	0.001	-0.004	1.802015912640595	0.004965116369617701	0.0131802	0	600
308	1744409347.761739	0.394690156	0.001	-0.002	1.8032038763054377	0.0049659334331039395	0.0131608	0	600
309	1744409348.1640596	0.394637339	0.001	-0.001	1.8029751107348022	0.004965776057892735	0.013257999999999997	0	600
310	1744409348.5654285	0.394680507	0.001	0.001	1.8031620837198865	0.004965904681436995	0.013284400000000002	0	600
311	1744409348.9674325	0.394655493	0.001	0.002	1.8030537409138985	0.0049658301483149645	0.0131822	0	600
312	1744409349.3716445	0.39461851	0.001	0.004	1.802893556937171	0.004965719958292739	0.013146000000000001	0	600
313	1744409349.7724836	0.394959694	0.001	0.005	1.8043713226650926	0.004966736807366522	0.0132166	0	600
314	1744409350.1754405	0.39514102	0.001	0.006	1.805156697560695	0.004967277495860103	0.0132068	0	600
315	1744409350.577209	0.395167632	0.001	0.008	1.8052719617628599	0.0049673568650114	0.013220599999999999	0	600
316	1744409350.979574	0.395211846	0.001	0.009	1.8054634652738517	0.004967488740388018	0.0132694	0	600
317	1744409351.3838196	0.395290943	0.001	0.011	1.8058060570594616	0.004967724688002155	0.013239	0	600
318	1744409351.7855122	0.395288305	0.001	0.012	1.805794631125097	0.004967716818225566	0.0132046	0	600
319	1744409352.1884968	0.395320025	0.001	0.013	1.8059320195398223	0.004967811449126342	0.013181199999999999	0	600
320	1744409352.5922682	0.3952613	0.001	0.015	1.8056776647272512	0.004967636258240858	0.0132224	0	600
321	1744409352.992454	0.39559889	0.001	0.016	1.807139863810705	0.004968643641766677	0.013310800000000001	0	600
322	1744409353.3958573	0.395828805	0.001	0.018	1.8081356915966948	0.004969330093614247	0.0132714	0	600
323	1744409353.7978404	0.39583447	0.001	0.019	1.8081602283359577	0.004969347011309774	0.013288	0	600
324	1744409354.2003481	0.395777405	0.001	0.021	1.8079130634593403	0.0049691766034504	0.013297	0	600
325	1744409354.6044447	0.395785887	0.001	0.022	1.8079498014332904	0.004969201931267002	0.013300000000000001	0	600
326	1744409355.005861	0.395768517	0.001	0.023	1.807874566982982	0.004969150063734659	0.013336200000000001	0	600
327	1744409355.4072516	0.39608009	0.001	0.025	1.8092240789798686	0.004970080696999641	0.013764400000000001	0	600
328	1744409355.8121111	0.396387442	0.001	0.026	1.8105553086155144	0.004970999269261731	0.014459200000000002	0	600
329	1744409356.2155228	0.396285508	0.001	0.028	1.810113803235104	0.004970694562498801	0.0144154	0	600
330	1744409356.6279619	0.396238056	0.001	0.029	1.809908275017716	0.004970552736712167	0.01447	0	600
331	1744409357.019469	0.396286851	0.001	0.03	1.8101196201531675	0.004970698576680801	0.014472599999999997	0	600
332	1744409357.4206326	0.396277762	0.001	0.032	1.8100802530881788	0.004970671410166587	0.0144542	0	600
333	1744409357.8236277	0.396308449	0.001	0.033	1.8102131672837236	0.004970763133802392	0.014440999999999999	0	600
334	1744409358.2281096	0.396658197	0.001	0.035	1.8117280261511064	0.004971808914896051	0.014428000000000002	0	600
335	1744409358.6288571	0.396788992	0.001	0.036	1.812294536797513	0.0049722001853262894	0.014510199999999997	0	600
336	1744409359.031756	0.396713747	0.001	0.037	1.8119686291283448	0.004971975079529144	0.0145314	0	600
337	1744409359.4336956	0.396772592	0.001	0.039	1.8122235036953218	0.004972151119694168	0.0145198	0	600
338	1744409359.8356109	0.396765178	0.001	0.04	1.8121913915355876	0.004972128938945004	0.014491400000000002	0	600
339	1744409360.2398753	0.396635337	0.001	0.042	1.811629012936711	0.004971740539780177	0.014557400000000002	0	600
340	1744409360.6403313	0.396601521	0.001	0.043	1.8114825461450228	0.004971639400360109	0.0145134	0	600
341	1744409361.0438764	0.396665157	0.001	0.045	1.8117581719066704	0.00497182973311243	0.0144986	0	600
342	1744409361.445746	0.396976956	0.001	0.046	1.8131086627743556	0.0049727626475390705	0.0145284	0	600
343	1744409361.8481326	0.397146559	0.001	0.047	1.8138432619957514	0.004973270340408477	0.0145536	0	600
344	1744409362.251807	0.397116768	0.001	0.049	1.8137142286331067	0.004973181151510855	0.014523800000000003	0	600
345	1744409362.6559384	0.39714724	0.001	0.05	1.8138462116020069	0.0049732723792595525	0.014564799999999998	0	600
346	1744409363.0554805	0.39720716	0.001	0.052	1.814105742302207	0.004973451784617256	0.014546199999999999	0	600
347	1744409363.4597194	0.397176861	0.001	0.053	1.8139745086459091	0.004973361064370864	0.0145266	0	600
348	1744409363.8610523	0.397129007	0.001	0.054	1.81376723925126	0.00497321779226016	0.01451	0	600
349	1744409364.2633061	0.397515397	0.001	0.056	1.815440805126599	0.004974374996674119	0.0145372	0	600
350	1744409364.6655107	0.397722235	0.001	0.057	1.8163366798089753	0.004974994810204675	0.014612199999999997	0	600
351	1744409365.0689237	0.39771906	0.001	0.059	1.8163229279736426	0.004974985294104095	0.014601	0	600
352	1744409365.4716158	0.397677336	0.001	0.06	1.8161422093665807	0.004974860244422674	0.0145344	0	600
353	1744409365.8730726	0.397637304	0.001	0.062	1.8159688192966474	0.004974740275158857	0.014601	0	600
354	1744409366.2773046	0.397803783	0.001	0.063	1.8166898875783333	0.004975239245422503	0.014562399999999998	0	600
355	1744409366.6811619	0.397769663	0.001	0.064	1.8165421040754821	0.0049751369681416665	0.014517000000000002	0	600
356	1744409367.080946	0.398066071	0.001	0.066	1.8178259321092758	0.004976025696225499	0.0145512	0	600
357	1744409367.4911304	0.398298576	0.001	0.067	1.8188329779278676	0.0049767231743576305	0.014568999999999999	0	600
358	1744409367.887236	0.398301542	0.001	0.069	1.818845824524276	0.004976732073886533	0.014544600000000001	0	600
359	1744409368.28869	0.398211614	0.001	0.07	1.8184563205722133	0.004976462265914768	0.014569200000000001	0	600
360	1744409368.6910484	0.398305105	0.001	0.07	1.8188612568988556	0.004976742764789756	0.014602800000000003	0	600
361	1744409369.0955799	0.398741404	0.001	0.077	1.8207509929630512	0.004978052443972005	0.014580000000000001	0	600
362	1744409369.4954205	0.398879096	0.001	0.084	1.821347376493958	0.004978465992887485	0.014584999999999997	0	600
363	1744409369.8995984	0.399193439	0.001	0.092	1.8227088861550562	0.004979410507749429	0.0145652	0	600
364	1744409370.3006463	0.399735956	0.001	0.099	1.8250586828319664	0.004981041951324546	0.014585800000000001	0	600
365	1744409370.7030284	0.400266795	0.001	0.106	1.8273578987425723	0.004982639903671093	0.014633799999999999	0	600
366	1744409371.107318	0.400387597	0.001	0.113	1.8278811268407962	0.004983003771142676	0.014608400000000002	0	600
367	1744409371.508368	0.400766099	0.001	0.12	1.8295205275264959	0.004984144395070303	0.014650400000000003	0	600
368	1744409371.9117353	0.401321754	0.001	0.127	1.8319272286483197	0.004985820352241773	0.014618	0	600
369	1744409372.3159575	0.401869765	0.001	0.135	1.8343008214144636	0.004987474975342841	0.014579600000000002	0	600
370	1744409372.716414	0.402027061	0.001	0.142	1.8349821154902093	0.0049879502185843465	0.014633200000000002	0	600
371	1744409373.1195335	0.402346229	0.001	0.149	1.8363645236097264	0.004988914962953633	0.014619200000000002	0	600
372	1744409373.5236268	0.402761224	0.001	0.156	1.838161985941661	0.004990170227763351	0.014632800000000001	0	600
373	1744409373.9224708	0.403074056	0.001	0.163	1.839516951028527	0.004991117119360959	0.0145706	0	600
374	1744409374.3271196	0.403357808	0.001	0.17	1.8407459622976052	0.004991976470864247	0.0146068	0	600
375	1744409374.7284863	0.403892961	0.001	0.178	1.8430638633791168	0.004993598440540674	0.014605600000000002	0	600
376	1744409375.130742	0.40416258	0.001	0.185	1.844231660572996	0.004994416230751326	0.0146112	0	600
377	1744409375.532075	0.404505844	0.001	0.192	1.8457184353772933	0.004995457991756741	0.0146508	0	600
378	1744409375.9350157	0.404954933	0.001	0.199	1.8476635685986245	0.00499682192466667	0.014629	0	600
379	1744409376.3391647	0.405469678	0.001	0.206	1.8498930767807753	0.004998386664970517	0.0145916	0	600
380	1744409376.7434998	0.405557898	0.001	0.214	1.8502751828951218	0.0049986549896045476	0.014624000000000002	0	600
381	1744409377.1446824	0.406013546	0.001	0.221	1.8522487250260427	0.005000041560916813	0.0145982	0	600
382	1744409377.5471513	0.406476758	0.001	0.228	1.8542550290097057	0.005001452351287153	0.014630600000000002	0	600
383	1744409377.94794	0.406746083	0.001	0.235	1.8554215528052895	0.005002273182460913	0.0146094	0	600
384	1744409378.3558784	0.407051029	0.001	0.242	1.8567423613650895	0.005003203070566741	0.0146314	0	600
385	1744409378.7550833	0.407601292	0.001	0.249	1.8591257081889248	0.005004882342310998	0.014596399999999999	0	600
386	1744409379.1562703	0.408122631	0.001	0.257	1.8613837768757007	0.005006474917065568	0.014630200000000001	0	600
387	1744409379.5590672	0.408182008	0.001	0.264	1.8616409556872122	0.005006656397569724	0.014659000000000002	0	600
388	1744409379.961764	0.408612884	0.001	0.271	1.863507203183531	0.00500797392530973	0.014614199999999999	0	600
389	1744409380.3634396	0.409096642	0.001	0.278	1.8656024977841217	0.00500945439781579	0.014664199999999999	0	600
390	1744409380.766688	0.409318599	0.001	0.285	1.866563857190402	0.0050101341052841445	0.0146086	0	600
391	1744409381.169096	0.409674685	0.001	0.293	1.8681061677530093	0.0050112251385223934	0.014661600000000002	0	600
392	1744409381.5719771	0.410141397	0.001	0.3	1.8701276312401889	0.0050126562018639655	0.0146282	0	600
393	1744409381.9754357	0.410600842	0.001	0.307	1.8721176192667814	0.005014066174541537	0.014599999999999998	0	600
394	1744409382.3756268	0.410765681	0.001	0.314	1.872831584238248	0.005014572330513414	0.014655199999999998	0	600
395	1744409382.779228	0.411107664	0.001	0.321	1.8743128106642581	0.005015622911168153	0.0145824	0	600
396	1744409383.1831005	0.411608472	0.001	0.328	1.876481953703407	0.005017162586383432	0.014634000000000003	0	600
397	1744409383.5837622	0.412114994	0.001	0.336	1.8786758457148682	0.005018721253948766	0.0146178	0	600
398	1744409383.9870327	0.412253823	0.001	0.343	1.8792771539187747	0.005019148708119244	0.014632199999999998	0	600
399	1744409384.3913307	0.412634686	0.001	0.35	1.880926780772418	0.0050203219365979965	0.014624000000000002	0	600
