	t	Vhall	err_Vhall	I_fuente	B	err_B	Vdiodo	err_Vdiodo	frec_TTL
0	20.56123924255371	-0.024236564862712806	0.001	-0.004	-0.10397551150308194	0.00434075178747549	-0.9701735360202931	0	600
1	21.639095544815063	-0.09693728728981771	0.001	-0.001	-0.4188631850104029	0.004378630160070128	-0.24553909058034992	0	600
2	23.612770795822144	0.01541304888245957	0.001	0.003	0.06775833392327928	0.004339240696328235	0.9880419004739556	0	600
3	24.660908699035645	0.09330806188453347	0.001	0.006	0.4051439692123829	0.0043756732659846476	0.35961545433251624	0	600
4	25.70701289176941	0.07787074434203235	0.001	0.01	0.3382805207641787	0.0043643378040956245	-0.6274306580840066	0	600
5	26.753124475479126	-0.015290101849244573	0.001	0.013	-0.06522581507117961	0.0043392243888258596	-0.988237716641442	0	600
6	27.792502880096436	-0.09294380918056679	0.001	0.017	-0.4015662863133467	0.004375382614634637	-0.36892491004581296	0	600
7	28.838326692581177	-0.07851160475983988	0.001	0.02	-0.33905627098053565	0.004364768242273718	0.6193868688035258	0	600
8	29.917534351348877	0.017541382107024706	0.001	0.024	0.07697675535235968	0.004339543683273243	0.9844850438939259	0	600
9	30.956900596618652	0.09376100889394383	0.001	0.027	0.40710581257863465	0.00437603624863241	0.347635559986977	0	600
10	32.0029182434082	0.07706641170240752	0.001	0.031	0.3347967254845456	0.0043638025020210185	-0.6372841970078409	0	600
11	33.049492835998535	-0.01659210380202139	0.001	0.034	-0.0708651588373019	0.004339403712772734	-0.9861299415116463	0	600
12	34.08887267112732	-0.09342218703118299	0.001	0.038	-0.4036382779443653	0.004375764560772945	-0.35664054238596843	0	600
13	35.1677680015564	-0.07556346151078755	0.001	0.041	-0.3262870172803235	0.004362816977430059	0.6550440032034281	0	600
14	36.210739850997925	0.018526944290827286	0.001	0.045	0.08124550774977306	0.004339697236041908	0.9826774222323744	0	600
15	37.28796935081482	0.09531777874181349	0.001	0.048	0.41384862914518994	0.004377296981663202	0.30235799540483443	0	600
16	38.33397912979126	0.07392841000775045	0.001	0.052	0.32120514042040327	0.004361766628299484	-0.6734345496208013	0	600
17	39.38011336326599	-0.021249388664344584	0.001	0.055	-0.09103719490789607	0.004340164971505395	-0.9771504887721392	0	600
18	40.418933153152466	-0.0949909581858534	0.001	0.059	-0.4104330756116769	0.004377030618189682	-0.3124727671095556	0	600
19	41.45736217498779	-0.07514237203264618	0.001	0.062	-0.32446315801615594	0.004362544299236707	0.6598618906508165	0	600
20	42.53734493255615	0.022774323534707555	0.001	0.066	0.09964212505917829	0.004340454917150037	0.9737154663759473	0	600
21	43.58253884315491	0.09565585754843899	0.001	0.069	0.41531294539028885	0.004377573466305712	0.29148638298210744	0	600
22	44.621182918548584	0.07365703444807387	0.001	0.073	0.3200297350629257	0.004361594497026327	-0.6764455853300423	0	600
23	45.66065573692322	-0.020991103846552676	0.001	0.076	-0.08991848930688495	0.004340117849545066	-0.9777089774659444	0	600
24	46.705321073532104	-0.09509056786866772	0.001	0.08	-0.41086451370793037	0.0043771117063106995	-0.309427108248906	0	600
25	47.74517250061035	-0.0748364014915504	0.001	0.083	-0.32313791187511476	0.00436234711202104	0.6633506949885971	0	600
26	48.790855169296265	0.0198758036312201	0.001	0.087	0.08708780429656168	0.0043399209832965776	0.9800375493383261	0	600
27	49.82970213890076	0.09454367319054223	0.001	0.09	0.4104957560518955	0.004376667531180684	0.32577779787676897	0	600
28	50.88850235939026	0.07472103015696527	0.001	0.094	0.3246382055458775	0.004362272965844054	-0.6646293513595171	0	600
29	51.934757709503174	-0.020102130518216233	0.001	0.097	-0.08606809093635161	0.004339960064875183	-0.9795754612287013	0	600
30	52.98070693016052	-0.09484631514266934	0.001	0.101	-0.40980658511974377	0.004376913018909163	-0.31683452599027506	0	600
31	54.026531457901	-0.07495735313011295	0.001	0.104	-0.3236617881008572	0.004362424965987791	0.6619629014331312	0	600
32	55.072155714035034	0.01969067855897197	0.001	0.108	0.08628597452978683	0.004339889345092854	0.9804164392342651	0	600
33	56.12502717971802	0.09493238132157983	0.001	0.111	0.41217936241741043	0.004376982972171312	0.31424650446512087	0	600
34	57.20299410820007	0.07260413591667823	0.001	0.115	0.31546932963747926	0.004360932581435332	-0.6876913658050094	0	600
35	58.282697677612305	-0.02639884887251083	0.001	0.118	-0.11334098351733982	0.004341224587916255	-0.9645112900141952	0	600
36	59.32837653160095	-0.0966911916854502	0.001	0.122	-0.4177972743876115	0.004378426153421728	-0.25505697326127186	0	600
37	60.373576641082764	-0.07058045026604641	0.001	0.126	-0.3047041668555476	0.0043596868587905515	0.7084450317993538	0	600
38	61.41326308250427	0.02533368183479373	0.001	0.129	0.11072743967340172	0.004340986640787848	0.9673641208760154	0	600
39	62.45222783088684	0.09622339178777423	0.001	0.133	0.41777109890367664	0.004378039763586081	0.2721705113183265	0	600
40	63.49912762641907	0.07170765630916565	0.001	0.136	0.31158641941964144	0.0043603764340069745	-0.6970366334722746	0	600
41	64.53873753547668	-0.023771242292573387	0.001	0.14	-0.10196006603500471	0.004340655314596755	-0.9713224273334393	0	600
42	65.57865977287292	-0.09579962489430582	0.001	0.143	-0.413935642986062	0.004377691332198342	-0.286726826023454	0	600
43	66.61767101287842	-0.07329505279306356	0.001	0.147	-0.31646188872807235	0.004361365869880872	0.6803223101938949	0	600
44	67.65702724456787	0.021501472030808065	0.001	0.15	0.09412904024513008	0.004340211517237292	0.9765987594148648	0	600
45	68.70117521286011	0.09523514276565533	0.001	0.154	0.4134907090391478	0.004377229547265469	0.3049225026326027	0	600
46	69.74072623252869	0.07454348744900162	0.001	0.157	0.32386921717282635	0.004362159084750262	-0.6666196947207538	0	600
47	70.77968192100525	-0.01964822366157388	0.001	0.161	-0.08410209019653167	0.004339882131176307	-0.9804964210545141	0	600
48	71.81881189346313	-0.09447721487911295	0.001	0.164	-0.4082079060502374	0.004376613726805629	-0.3276754318698588	0	600
49	72.8577651977539	-0.07615754958930321	0.001	0.168	-0.3288601830846909	0.004363204243701205	0.6481183264702414	0	600
50	73.8966965675354	0.017232663790003367	0.001	0.171	0.07563960780594546	0.004339497309198859	0.9850302464445619	0	600
51	74.93604302406311	0.0936509232915409	0.001	0.175	0.40662900027099813	0.004375947869321008	0.35059424325226185	0	600
52	75.99512195587158	0.07643173744177363	0.001	0.178	0.3320477692885962	0.0043633839888354104	-0.6448597505657698	0	600
53	77.0445020198822	-0.01784431271649718	0.001	0.182	-0.07628883467793428	0.0043395899878460676	-0.9839401856079553	0	600
54	78.09037590026855	-0.09408997320137405	0.001	0.185	-0.406530651314419	0.004376300956945772	-0.33863319908581047	0	600
55	79.13654565811157	-0.07644226210606421	0.001	0.189	-0.33009335462725947	0.004363390901054249	0.6447579487047338	0	600
56	80.1824300289154	0.017483587443361884	0.001	0.192	0.07672643009321013	0.0043395349390495845	0.9845875856094826	0	600
57	81.22867393493652	0.09397791146695393	0.001	0.196	0.40804527981242156	0.0043762106817049505	0.34172975494931174	0	600
58	82.27438950538635	0.07668343104894298	0.001	0.199	0.333137926466576	0.00436354954986018	-0.6418888008662996	0	600
59	83.32016944885254	-0.017104070131997575	0.001	0.203	-0.07308263180288248	0.004339478235301472	-0.9852539712607999	0	600
60	84.39613151550293	-0.09483036674596826	0.001	0.206	-0.4097375080409237	0.004376900063143701	-0.3173117070227326	0	600
61	85.44131922721863	-0.0750327606780636	0.001	0.21	-0.3239883998118052	0.004362473567126134	0.6611082096392923	0	600
62	86.48107838630676	0.019003901390492062	0.001	0.213	0.08331134570106481	0.004339774558160498	0.9817657995773422	0	600
63	87.52658176422119	0.09447092185437435	0.001	0.217	0.41018064915576496	0.0043766086339253815	0.3278538659689647	0	600
64	88.5730369091034	0.0756822666650569	0.001	0.22	0.32880159646715434	0.004362894182698945	-0.6536383091980146	0	600
65	89.61480689048767	-0.018231355177311198	0.001	0.224	-0.07796522654813165	0.004339650302196249	-0.98323044417124	0	600
66	90.66072130203247	-0.09422388171385901	0.001	0.227	-0.4071106474761008	0.004376408970261155	-0.3348892351446119	0	600
67	91.70660543441772	-0.07620394279147004	0.001	0.231	-0.3290611253450861	0.004363234612099753	0.6475738648273186	0	600
68	92.7465193271637	0.017258900823509265	0.001	0.234	0.07575324792071446	0.004339501218394298	0.9849842957249999	0	600
69	93.78606486320496	0.09366725854652493	0.001	0.238	0.40669975294396127	0.004375960977200465	0.35014870426712374	0	600
70	94.84968137741089	0.07610779600004147	0.001	0.241	0.3306446860243009	0.004363171695953331	-0.6487023338607182	0	600
71	95.88932180404663	-0.01737807850236801	0.001	0.245	-0.07426944061835182	0.004339519050129381	-0.9847741674460996	0	600
72	96.92869830131531	-0.09370357347660176	0.001	0.248	-0.40485704331830297	0.004375990125396916	-0.34918188428272817	0	600
73	97.97492361068726	-0.07715811733462637	0.001	0.252	-0.3331939288714289	0.004363863256839687	0.636174106642105	0	600
74	99.02128171920776	0.016428646391676786	0.001	0.255	0.07215717792676071	0.0043393803963437194	0.9864033473369864	0	600
75	100.0671637058258	0.09359392663620308	0.001	0.259	0.4063821314147083	0.004375902151159339	0.3521076753965821	0	600
76	101.11299514770508	0.07738147663941036	0.001	0.262	0.336161362061796	0.004364011530729793	-0.6334667495131063	0	600
77	102.16035437583923	-0.016180042325299304	0.001	0.266	-0.06908040243578047	0.0043393453764382015	-0.9868143573195177	0	600
78	103.20636367797852	-0.0935093977902653	0.001	0.269	-0.40401601274692894	0.004375834399243438	-0.3543481248228326	0	600
79	104.25200343132019	-0.07754505061317239	0.001	0.273	-0.334869847841919	0.004364120385649484	0.6314516177669517	0	600
80	105.33073449134827	0.019013737076369375	0.001	0.276	0.08335394687667709	0.004339776173344163	0.9817467049732083	0	600
81	106.3769748210907	0.09449830019706873	0.001	0.28	0.4102992326078643	0.00437663079336612	0.32706671582158764	0	600
82	107.41656994819641	0.07607417253458043	0.001	0.283	0.33049905315490413	0.0043631497120989685	-0.649096796275272	0	600
83	108.46247744560242	-0.018045805330079438	0.001	0.287	-0.07716155695911166	0.004339621225839736	-0.983572525971767	0	600
84	109.50191450119019	-0.09394045499413001	0.001	0.29	-0.4058830450891402	0.004376180530910593	-0.3427574949838643	0	600
85	110.54824090003967	-0.07671439035600848	0.001	0.294	-0.33127202010209694	0.004363569951678388	0.6415178412617687	0	600
86	111.59433603286743	0.017087586594758754	0.001	0.297	0.07501123687695849	0.004339475800673862	0.9852829486993987	0	600
87	112.67137551307678	0.09485923392278883	0.001	0.301	0.4118625400605005	0.004376923515118447	0.31644645854103043	0	600
88	113.71746850013733	0.07491262777142879	0.001	0.304	0.32546806974878784	0.004362396162748997	-0.6624695471473585	0	600
89	114.76323580741882	-0.019771408650019747	0.001	0.308	-0.08463563970096251	0.004339903105634424	-0.9802483688397194	0	600
90	115.80920338630676	-0.09474023821957747	0.001	0.311	-0.4093471355515678	0.004376826886979011	-0.3199899925841057	0	600
91	116.84888577461243	-0.07558278281739172	0.001	0.315	-0.32637070339901114	0.0043628295251729385	0.6548127600894882	0	600
92	117.88812351226807	0.018131230805524992	0.001	0.318	0.07953155918636984	0.004339634575409607	0.9834154073926873	0	600
93	118.92827200889587	0.09399451073556336	0.001	0.322	0.40811717600409403	0.004376224047154862	0.341273427948124	0	600
94	119.9682731628418	0.0770179348215818	0.001	0.325	0.3345867582144485	0.00436377041502386	-0.6378707183503057	0	600
95	121.00803518295288	-0.015994973290528156	0.001	0.329	-0.06827881538338543	0.004339319653002553	-0.98711604486392	0	600
96	122.04725623130798	-0.09319862090152636	0.001	0.332	-0.40266994893617425	0.004375585821340591	-0.3624719566668066	0	600
97	123.08302426338196	-0.07870201415746302	0.001	0.336	-0.3398809886756259	0.0043648968035977734	0.6169719600307404	0	600
98	124.12883734703064	0.013939406469454785	0.001	0.339	0.0613755661113354	0.0043390538297917005	0.9902291111029836	0	600
99	125.17519950866699	0.09269519124925711	0.001	0.343	0.40248945076936976	0.004375184874500694	0.3751543018467556	0	600
100	126.21268963813782	0.07943223958375979	0.001	0.346	0.34504380436639204	0.004365392691635708	-0.6075413280231744	0	600
101	127.25952291488647	-0.012858491483301933	0.001	0.35	-0.054693813387486655	0.004338928687855799	-0.9916912657780088	0	600
102	128.30570459365845	-0.09227373909773919	0.001	0.353	-0.398664020662823	0.004374850859011528	-0.38537689061416175	0	600
103	129.35209822654724	-0.07956474565272866	0.001	0.357	-0.3436177261430985	0.0043654831598920205	0.6058051034619323	0	600
104	130.3981065750122	0.012560197863119738	0.001	0.36	0.055401818192041	0.004338895929988247	0.9920737050643571	0	600
105	131.4440312385559	0.09214737492146316	0.001	0.364	0.4001167011843664	0.004374751002660211	0.3883883499494411	0	600
106	132.49002504348755	0.07978657407905537	0.001	0.367	0.3465785286599352	0.004365634946121508	-0.6028585820420993	0	600
107	133.54132747650146	-0.012721574587006146	0.001	0.371	-0.05410078705295948	0.004338913556552736	-0.9918678191325707	0	600
108	134.58079051971436	-0.09195856084459322	0.001	0.374	-0.39729889328086687	0.004374602047486608	-0.3928383860495199	0	600
109	135.62687849998474	-0.08007102970499985	0.001	0.378	-0.345810587534722	0.004365830195686401	0.5990968199899853	0	600
110	136.66675782203674	0.01111690750094317	0.001	0.381	0.04915051381474258	0.004338748288011556	0.9937952245098494	0	600
111	137.70695781707764	0.09134158866360975	0.001	0.385	0.3966266098674054	0.0043741174141510375	0.40697657960113404	0	600
112	138.75297713279724	0.08098959565610654	0.001	0.388	0.3517891600392393	0.0043664653813239515	-0.5866199001705815	0	600
113	139.79817914962769	-0.010105498249343035	0.001	0.392	-0.04276981035585359	0.00433865554929125	-0.9948749377925178	0	600
114	140.83785700798035	-0.09090113110243532	0.001	0.395	-0.392718861882425	0.004373773396855669	-0.41671964587931704	0	600
115	141.88422322273254	-0.08159213812422918	0.001	0.399	-0.35239894422902834	0.00436688592185166	0.578209163412416	0	600
116	142.92397475242615	0.008532708177778367	0.001	0.403	0.0379576056071733	0.00433852889339269	0.9963481101462077	0	600
117	143.96381330490112	0.09023835644954559	0.001	0.406	0.3918481948307003	0.004373258823052811	0.43088276648860585	0	600
118	145.00888204574585	0.0825594443538658	0.001	0.41	0.35858862485462073	0.004367567479662429	-0.5643102142653295	0	600
119	146.0540053844452	-0.007380178041446144	0.001	0.413	-0.03096566713447632	0.004338449650175889	-0.9972688111993728	0	600
120	147.09373354911804	-0.08972924872457305	0.001	0.417	-0.38764310330300683	0.004372866071670232	-0.44138644937986693	0	600
121	148.13428354263306	-0.08346217853186537	0.001	0.42	-0.3604986254105416	0.004368210688963482	0.5508708107561568	0	600
122	149.18037509918213	0.005861191473838495	0.001	0.424	0.026386500787918595	0.004338362742926624	0.9982775165171596	0	600
123	150.22776293754578	0.08939256960878483	0.001	0.427	0.3881848495202421	0.004372607541813022	0.4481885412953354	0	600
124	151.28836607933044	0.08276808916060199	0.001	0.431	0.35949232533501724	0.004367715528553584	-0.5612183600725202	0	600
125	152.33199429512024	-0.006861834389632233	0.001	0.434	-0.028720572159517475	0.004338417752755901	-0.9976391047913682	0	600
126	153.37868666648865	-0.08980712509758171	0.001	0.438	-0.38798040820314	0.004372926007757839	-0.439799045922676	0	600
127	154.45363545417786	-0.08141590596832872	0.001	0.441	-0.351635632232723	0.0043667626034596665	0.5806879114767854	0	600
128	155.49978709220886	0.009472971810156322	0.001	0.445	0.042030156990413084	0.004338602043065503	0.9954977197657172	0	600
129	156.54532623291016	0.09088028102312244	0.001	0.448	0.3946285542108079	0.004373757152552387	0.4172020661355436	0	600
130	157.58930683135986	0.08175829080414779	0.001	0.452	0.3551185991248794	0.0043670024281400235	-0.5758576779834251	0	600
131	158.63573622703552	-0.008911081177806517	0.001	0.455	-0.037596447557008306	0.004338557411219545	-0.9960167239527563	0	600
132	159.6822578907013	-0.09068507693689437	0.001	0.459	-0.3917830693446415	0.004373605246825171	-0.4214010639678808	0	600
133	160.72179174423218	-0.08227933979868411	0.001	0.462	-0.3553754117148421	0.004367369304519226	0.5683876679151195	0	600
134	161.7614312171936	0.007326556242689549	0.001	0.466	0.032733415749675136	0.0043384462427798805	0.9973082383801689	0	600
135	162.8016312122345	0.08972634196857543	0.001	0.469	0.38963051330935905	0.00437286383553079	0.44144446104803925	0	600
136	163.8824372291565	0.08118158013471709	0.001	0.473	0.35262069986169164	0.0043665990416429015	-0.5839592879740396	0	600
137	164.92238664627075	-0.009256183415371941	0.001	0.476	-0.039091184295258825	0.004338584500033424	-0.9957017064245951	0	600
138	165.96907591819763	-0.09083757990941105	0.001	0.48	-0.3924436034441049	0.004373723895543933	-0.41810321994698363	0	600
139	167.0154173374176	-0.08168148882900429	0.001	0.483	-0.3527859477499505	0.004366948545510659	0.5769458097935791	0	600
140	168.06230187416077	0.00908905305792016	0.001	0.487	0.040367294797692875	0.00433857125263384	0.9958556654963034	0	600
141	169.1027660369873	0.09050431898007885	0.001	0.49	0.39300015480694006	0.004373464869499052	0.4252681015185342	0	600
142	170.14926838874817	0.0821256224088053	0.001	0.494	0.3567096176255868	0.004367260831238255	-0.5706059668709187	0	600
143	171.19651770591736	-0.008354254860235269	0.001	0.497	-0.03518467312294452	0.004338515872711247	-0.9964995087681701	0	600
144	172.24223279953003	-0.09041365546140666	0.001	0.501	-0.390607465112621	0.004373394563641074	-0.42719272280345083	0	600
145	173.28867650032043	-0.08225039293070807	0.001	0.504	-0.35525003453002196	0.004367348862374965	0.5687813904375092	0	600
146	174.32507133483887	0.007054165862717406	0.001	0.508	0.03155361491452931	0.004338429317398503	0.9975048298505491	0	600
147	175.36576676368713	0.08962744089499103	0.001	0.511	0.38920214440285206	0.004372787794368567	0.4434499216433154	0	600
148	176.41260409355164	0.08324229073438097	0.001	0.515	0.36154622831363603	0.004368053380535032	-0.5541617082318088	0	600
149	177.4558048248291	-0.0059706552719589094	0.001	0.518	-0.024860619882924467	0.004338368339166014	-0.9982126398250165	0	600
150	178.5025601387024	-0.08941351884206895	0.001	0.522	-0.38627558665613804	0.004372623600443912	-0.44774638744123596	0	600
151	179.54940724372864	-0.08350639988668083	0.001	0.525	-0.3606901607773483	0.004368242374496584	0.550200594976186	0	600
152	180.5957989692688	0.005811010570439001	0.001	0.529	0.026169152907478947	0.004338360212085317	0.9983068533405582	0	600
153	181.67380595207214	0.09070189608324959	0.001	0.532	0.3938559178898741	0.004373618322652868	0.42103853025736027	0	600
154	182.71449780464172	0.08219069466775991	0.001	0.536	0.35699146423656963	0.0043673067261501275	-0.5696678281143873	0	600
155	183.76082253456116	-0.008148333239292163	0.001	0.539	-0.03429276754100692	0.004338501189774444	-0.9966699820081208	0	600
156	184.8061773777008	-0.09030985127268915	0.001	0.543	-0.39015785940865644	0.004373314152868906	-0.4293787454988584	0	600
157	185.84646248817444	-0.08273533370178918	0.001	0.546	-0.3573504520512878	0.00436769226174289	0.5617281644100547	0	600
158	186.88645029067993	0.006556205281739153	0.001	0.55	0.029396804863572566	0.00433840003320621	0.9978447879363207	0	600
159	187.92649245262146	0.08937564044181463	0.001	0.553	0.388111524444181	0.004372594567469214	0.448501305876374	0	600
160	188.96660709381104	0.08392088407539887	0.001	0.557	0.3644854106391616	0.004368540165824937	-0.5438558880008035	0	600
161	190.0067367553711	-0.0044288908672862086	0.001	0.56	-0.018182796193200238	0.004338299059015316	-0.9990162712971878	0	600
162	191.05418586730957	-0.08874355142816703	0.001	0.564	-0.3833737656941686	0.004372111872140332	-0.4608828033145186	0	600
163	192.10133504867554	-0.08429221248352886	0.001	0.567	-0.36409374044166765	0.004368808186133738	0.5380842191166585	0	600
164	193.14190101623535	0.0037865238101050915	0.001	0.571	0.017400520289734215	0.0043382762559210685	0.9992807225860635	0	600
165	194.18933176994324	0.08844464706951664	0.001	0.574	0.3840791252153069	0.00437188478819529	0.46658894379703897	0	600
166	195.23671340942383	0.0846249338311265	0.001	0.578	0.3675348519956318	0.004369049331441851	-0.5328346806145315	0	600
167	196.28357481956482	-0.003794704426039248	0.001	0.581	-0.015435952882882738	0.004338276523904371	-0.9992776419788248	0	600
168	197.33069491386414	-0.08843387921060512	0.001	0.585	-0.3820324865310118	0.004371876621703271	-0.4667955113451795	0	600
169	198.3740622997284	-0.08485028596182981	0.001	0.588	-0.36651091668643637	0.004369213191143347	0.5292373226619591	0	600
170	199.41452193260193	0.00273067452066069	0.001	0.592	0.012827334285140265	0.004338246522387029	0.9996255697850729	0	600
171	200.46132445335388	0.08791677818921846	0.001	0.595	0.3817927737447191	0.004371485597733219	0.47646182438472007	0	600
172	201.50830721855164	0.08523680239775873	0.001	0.599	0.3701850301920351	0.004369495238112177	-0.5229901540381423	0	600
173	202.5493311882019	-0.002052839927788791	0.001	0.602	-0.007891438315382512	0.004338232511789091	-0.9997877944336419	0	600
174	203.5987513065338	-0.08771753328097562	0.001	0.606	-0.37892978691982643	0.004371335534474298	-0.4801212768295848	0	600
175	204.64533948898315	-0.0854746197554886	0.001	0.609	-0.36921508535510866	0.004369669404995948	0.5190787863659398	0	600
176	205.7234344482422	0.005301224847775321	0.001	0.613	0.023961124777390295	0.004338335734752344	0.9985908777343133	0	600
177	206.7705750465393	0.08912879537701807	0.001	0.616	0.38704236769338685	0.004372405662662329	0.4533861011814631	0	600
178	207.81740069389343	0.08385351370909433	0.001	0.62	0.3641936102663353	0.004368491663779702	-0.5448947043132973	0	600
179	208.8642373085022	-0.005222307306796399	0.001	0.623	-0.0216193102802553	0.004338332146264531	-0.9986325167726566	0	600
180	209.91160416603088	-0.08910321764049678	0.001	0.627	-0.3849315831828911	0.004372386118020262	-0.45388937734470824	0	600
181	210.95851349830627	-0.08387963553722272	0.001	0.63	-0.3623067513935827	0.004368510465145542	0.5444936857529951	0	600
182	211.99874711036682	0.004514315746539636	0.001	0.634	0.02055279583817938	0.004338302360105304	0.9989793221969396	0	600
183	213.04292464256287	0.08863224058242597	0.001	0.637	0.3848916465063341	0.004372027218790977	0.4630192211811164	0	600
184	214.09007048606873	0.08442181510772057	0.001	0.641	0.36665508656657153	0.004368902006413813	-0.5360472332339431	0	600
185	215.13714838027954	-0.004196147267803972	0.001	0.644	-0.01717471693183987	0.004338290385021757	-0.999115804702662	0	600
186	216.1784906387329	-0.0883515794002651	0.001	0.648	-0.38167602245551313	0.004371814236735874	-0.4683510229242446	0	600
187	217.2251331806183	-0.08477001836819147	0.001	0.651	-0.36616325472414774	0.004369154777119228	0.5305231287232519	0	600
188	218.27279925346375	0.0036023981567125532	0.001	0.655	0.01660301929257527	0.004338270377267759	0.9993488627825335	0	600
189	219.31912422180176	0.08830659340359992	0.001	0.658	0.38348117520561803	0.0043717801605914165	0.46919923967382526	0	600
190	220.3591070175171	0.08517171383594915	0.001	0.662	0.36990311296871303	0.004369447653510073	-0.5240501571270864	0	600
191	221.3999011516571	-0.0021538879691613863	0.001	0.665	-0.00832910635495656	0.004338234348576028	-0.9997667721712361	0	600
192	222.44107604026794	-0.08736799964014508	0.001	0.669	-0.3774158565034674	0.00437107308995104	-0.4864520903951905	0	600
193	223.48769116401672	-0.085846136430688	0.001	0.672	-0.370824230596272	0.004369942444522471	0.5129267437191136	0	600
194	224.5352110862732	0.0015257472854670884	0.001	0.676	0.007608448954032958	0.004338224361265286	0.9998827525184588	0	600
195	225.5836169719696	0.08741405944215093	0.001	0.679	0.3796153547121732	0.004371107614539608	0.485623562756708	0	600
196	226.63164567947388	0.0857247868992302	0.001	0.683	0.3722986309823168	0.004369853132506896	-0.5149515836304758	0	600
197	227.67984080314636	-0.0018294107583927213	0.001	0.687	-0.006923702521349038	0.004338228763697574	-0.9998316266273436	0	600
198	228.72785449028015	-0.08754220747535695	0.001	0.69	-0.3781704005864593	0.004371203763490662	-0.4833110630510255	0	600
199	229.77452945709229	-0.08565819807018363	0.001	0.694	-0.37001021567143627	0.004369804176718419	0.5160589515912606	0	600
200	230.82204151153564	0.0018902057205313228	0.001	0.697	0.009187022933439641	0.00433822974082822	0.9998202524155774	0	600
201	231.86919832229614	0.08753178027912857	0.001	0.701	0.3801252374099194	0.004371195934822494	0.48349277403985463	0	600
202	232.91040754318237	0.0859517123330448	0.001	0.704	0.3732815100999922	0.0043700202485927415	-0.5111563364009613	0	600
203	233.9579677581787	-0.001323662787877912	0.001	0.708	-0.004733163053517242	0.004338221873121653	-0.9999116488075352	0	600
204	234.99881291389465	-0.08694471622241329	0.001	0.711	-0.3755824946578896	0.004370756652881721	-0.49397764285882356	0	600
205	236.0463786125183	-0.08623761541789081	0.001	0.715	-0.37251983833429547	0.0043702314177597925	0.5063166022101708	0	600
206	237.09295535087585	0.0006632143342611131	0.001	0.718	0.0038725714378090945	0.004338216202928697	0.9999776307485064	0	600
207	238.14019107818604	0.08693410611178978	0.001	0.722	0.37753653922665936	0.004370748740454195	0.4941643317660956	0	600
208	239.18098902702332	0.08658890350583894	0.001	0.725	0.37604136776415403	0.0043704918266514615	-0.5002856689605373	0	600
209	240.23179364204407	-0.0003877104572286758	0.001	0.729	-0.0006792851541964945	0.004338214951841442	-0.999992259576997	0	600
210	241.27972102165222	-0.08683197950306343	0.001	0.732	-0.37509419960263046	0.004370672628785046	-0.49595549930028426	0	600
211	242.32771849632263	-0.08633090844731463	0.001	0.736	-0.3729239171936104	0.004370300473898517	0.5047237269526511	0	600
212	243.4071819782257	0.003766364813949987	0.001	0.739	0.017313205897420043	0.004338275598014551	0.9992883522959631	0	600
213	244.44789671897888	0.08811963232659331	0.001	0.743	0.3826713931758169	0.004371638723788066	0.4727013422458909	0	600
214	245.48866176605225	0.08533790529853365	0.001	0.746	0.37062293584340983	0.004369569222942489	-0.5213389060019623	0	600
215	246.53712844848633	-0.0026025820350459514	0.001	0.75	-0.010272529003398565	0.004338243570488486	-0.9996588529093103	0	600
216	247.58494091033936	-0.0879037382229155	0.001	0.753	-0.37973629391185537	0.0043714757662999875	-0.4767038085014642	0	600
217	248.62631154060364	-0.08554306412286326	0.001	0.757	-0.3695115375345061	0.004369719619252266	0.517964701086549	0	600
218	249.67539024353027	0.0022694044989601176	0.001	0.76	0.01082944156629416	0.004338236556458989	0.999741173069174	0	600
219	250.72244930267334	0.08770827582396327	0.001	0.764	0.38088969021921754	0.004371328570281717	0.48029077683968313	0	600
220	251.77047848701477	0.08540949092502734	0.001	0.767	0.37093299371671035	0.004369621659970291	-0.5201652412168276	0	600
221	252.81734108924866	-0.0023054288601767926	0.001	0.771	-0.008985473403590963	0.004338237268586362	-0.9997328276273494	0	600
222	253.87857484817505	-0.0883970611044509	0.001	0.774	-0.3818730167568088	0.0043718487057432046	-0.46749336074586323	0	600
223	254.92648816108704	-0.08465079953501314	0.001	0.778	-0.36564688377535254	0.004369068117276724	0.5324240409919513	0	600
224	255.96740555763245	0.003152030178046337	0.001	0.781	0.014652346447933402	0.004338257232905421	0.9995013517674451	0	600
225	257.01558017730713	0.08818166610858529	0.001	0.785	0.38294007927188556	0.004371685619869349	0.471540873593594	0	600
226	258.0635485649109	0.08489122799718174	0.001	0.788	0.36868824838040337	0.004369243007334194	-0.5285825418331541	0	600
227	259.1112973690033	-0.0033818946649126196	0.001	0.792	-0.013647955447057901	0.004338263722682321	-0.9994260955816435	0	600
228	260.15925335884094	-0.08827958009978598	0.001	0.795	-0.3813641728415735	0.004371759706674988	-0.4697076786245401	0	600
229	261.20768642425537	-0.08475640515334085	0.001	0.799	-0.36610429198746286	0.00436914487562957	0.5307403961853667	0	600
230	262.2490062713623	0.002993717172169307	0.001	0.802	0.013966647428139575	0.0043382530287807575	0.9995501321287203	0	600
231	263.2974536418915	0.08811972475142513	0.001	0.806	0.3826717934942634	0.004371638793634892	0.47269982951225076	0	600
232	264.33769178390503	0.0853656312384049	0.001	0.809	0.3707430248385449	0.00436958952726673	-0.5208861872838273	0	600
233	265.38585019111633	-0.0025189769957664368	0.001	0.813	-0.00991041160712907	0.0043382417202820975	-0.9996812684712627	0	600
234	266.4336836338043	-0.08786491694478826	0.001	0.816	-0.3795681478254898	0.004371446505646904	-0.4774187134297331	0	600
235	267.47525119781494	-0.0855750392910756	0.001	0.82	-0.36965003115592077	0.004369743091432709	0.5174362249103821	0	600
236	268.5165808200836	0.0014329681144379484	0.001	0.823	0.007206595762758321	0.004338223175111204	0.999896499830071	0	600
237	269.56504821777344	0.0873719720386596	0.001	0.827	0.3794330621003957	0.004371076066796112	0.4863805349170542	0	600
238	270.61409974098206	0.0857166941419643	0.001	0.83	0.37226357893025125	0.004369847180749007	-0.5150869020684222	0	600
239	271.662889957428	-0.0019045980516053777	0.001	0.834	-0.007249360245875572	0.004338229976825654	-0.9998175492856751	0	600
240	272.70446133613586	-0.08726576881738726	0.001	0.837	-0.37697306549858806	0.004370996525848863	-0.4882837407250286	0	600
241	273.75312876701355	-0.08584843683093343	0.001	0.841	-0.3708341942893033	0.004369944138796096	0.5128884433711558	0	600
242	274.80117416381836	0.0015738273626340468	0.001	0.844	0.00781669755371278	0.004338225005218911	0.9998748251443506	0	600
243	275.84992003440857	0.08745389613372773	0.001	0.848	0.3797878988453271	0.004371137488987666	0.48490584415349086	0	600
244	276.8974070549011	0.08571065532355618	0.001	0.851	0.37223742307628194	0.00436984273990591	-0.5151624578936107	0	600
245	277.93463826179504	-0.0007609817510733812	0.001	0.855	-0.0022960301517951035	0.004338216804590005	-0.9999706096731702	0	600
246	279.0134572982788	-0.08849700288406173	0.001	0.858	-0.38230589325950637	0.004371924509516829	-0.46559882511899814	0	600
247	280.0612542629242	-0.08454286488413981	0.001	0.862	-0.3651793878555093	0.004368989763588645	0.5341353459651745	0	600
248	281.1092336177826	0.004060333576836084	0.001	0.865	0.018586468895897715	0.004338285539734484	0.9991728353562274	0	600
249	282.1507966518402	0.08829812655933063	0.001	0.869	0.383444502875483	0.004371773749008559	0.4693583343182527	0	600
250	283.19296622276306	0.0850664082232055	0.001	0.872	0.36944700416680454	0.004369370743122842	-0.5257574972243287	0	600
251	284.2742238044739	-0.0063966424003578095	0.001	0.876	-0.026705692274606556	0.004338391102879283	-0.9979484810165545	0	600
252	285.3229582309723	-0.08969160240606502	0.001	0.879	-0.38748004630363525	0.004372837116237245	-0.4421504438255347	0	600
253	286.37136602401733	-0.08307429493851953	0.001	0.883	-0.3588185903541803	0.004367933471647044	0.5567023724774287	0	600
254	287.41889667510986	0.00670400246143279	0.001	0.886	0.030036956825079373	0.004338408501303394	0.9977465132393998	0	600
255	288.4675807952881	0.08982514199500825	0.001	0.89	0.3900584445516805	0.004372939881413666	0.4394314100674202	0	600
256	289.51633858680725	0.08288563602053839	0.001	0.893	0.36000145448831516	0.004367799099075884	-0.5595075113483259	0	600
257	290.5638244152069	-0.007036722912914038	0.001	0.897	-0.029478064497706492	0.0043384282553967785	-0.9975172100675084	0	600
258	291.6126103401184	-0.08997563553941049	0.001	0.9	-0.3887102752418391	0.004373055873816971	-0.4363413288724137	0	600
259	292.6544816493988	-0.08307814707680847	0.001	0.904	-0.35883527506959073	0.00436793621847731	0.5566452778837699	0	600
260	293.70278811454773	0.006774455150525712	0.001	0.907	0.03034210762166257	0.004338412604350479	0.9976988210672473	0	600
261	294.75103855133057	0.08983713324134628	0.001	0.911	0.3901103820776881	0.004372949116620618	0.4391866594465557	0	600
262	295.79971194267273	0.08287511395570071	0.001	0.914	0.3599558804086277	0.004367791613593862	-0.5596663246896797	0	600
263	296.8486399650574	-0.007199333645232605	0.001	0.918	-0.03018237820295827	0.004338438257823239	-0.9974010434436651	0	600
264	297.8967881202698	-0.09001891238831099	0.001	0.921	-0.38889771968272024	0.004373089264682336	-0.4354483202062168	0	600
265	298.9458827972412	-0.08261802883374515	0.001	0.925	-0.35684237103425936	0.0043676090124504414	0.5634521203198676	0	600
266	299.9949815273285	0.0076728854933213065	0.001	0.928	0.034233467033323854	0.004338468688229105	0.9970477321030247	0	600
267	301.04396533966064	0.09026072505029059	0.001	0.932	0.3919450796540289	0.0043732761294693005	0.4304142532976113	0	600
268	302.09299302101135	0.08230593678052081	0.001	0.935	0.35749061086903583	0.004367388093441247	-0.5680016577817797	0	600
269	303.1415009498596	-0.008164038627056454	0.001	0.939	-0.03436079207844651	0.004338502296717749	-0.9966572763071283	0	600
270	304.18985414505005	-0.09044498855911988	0.001	0.942	-0.3907431777426102	0.004373418853339006	-0.42651606242038986	0	600
271	305.26931834220886	-0.08028399007472031	0.001	0.946	-0.3467329799557571	0.004365976820203916	0.5962398500183128	0	600
272	306.3173191547394	0.011569721676806484	0.001	0.949	0.051111781840816196	0.004338792671628117	0.9932780167528279	0	600
273	307.3656208515167	0.09184954168993295	0.001	0.953	0.3988267000641746	0.004374516179248936	0.3953801614246592	0	600
274	308.41331815719604	0.08014027245308858	0.001	0.956	0.34811049772990305	0.004365877827554409	-0.5981717515494294	0	600
275	309.4614043235779	-0.011817310514151644	0.001	0.96	-0.05018416008377205	0.004338817688638056	-0.9929863588612091	0	600
276	310.509477853775	-0.09193884565168688	0.001	0.964	-0.3972135011276699	0.004374586511521693	-0.3932999631660119	0	600
277	311.55708360671997	-0.0800101229972024	0.001	0.967	-0.3455467831201433	0.004365788331761064	0.599910593404272	0	600
278	312.6200203895569	0.013505858682752479	0.001	0.971	0.05949774634075717	0.004339002424087102	0.9908300779537343	0	600
279	313.6677305698395	0.09258140842115956	0.001	0.974	0.4019966247171851	0.004375094550171082	0.37792733528531763	0	600
280	314.71489334106445	0.07902682425917719	0.001	0.978	0.34328783435536453	0.004365116820012795	-0.612805515171728	0	600
281	315.75622940063477	-0.0129722576258384	0.001	0.981	-0.05518656716972217	0.004338941383836786	-0.9915430584267485	0	600
282	316.7986569404602	-0.09217295858254573	0.001	0.985	-0.3982275113558357	0.004374771208689381	-0.387780651027338	0	600
283	317.8466727733612	-0.0796243687741997	0.001	0.988	-0.343875970977269	0.004365523916037945	0.6050210150416084	0	600
284	318.89392042160034	0.012585246055399747	0.001	0.992	0.055510309094597365	0.0043388986511584265	0.9920419768170766	0	600
285	319.98205161094666	0.09371326205279873	0.001	0.995	0.40689900731971057	0.004375997903813842	0.34892382335609173	0	600
286	321.0585150718689	0.0751813783521664	0.001	0.999	0.3266321055698494	0.004362569494613027	-0.659419582028647	0	600
287	322.1413288116455	-0.022993015380261606	0.001	1.002	-0.0985893421453714	0.004340498143664331	-0.9731930976984686	0	600
288	323.22122836112976	-0.09666722624999702	0.001	1.006	-0.417693473215319	0.004378406313920921	-0.2559942468534649	0	600
289	324.27540731430054	-0.0700080783181849	0.001	1.009	-0.30222505983946973	0.004359340848080718	0.7141027068967417	0	600
290	325.3271412849426	0.02727238856793024	0.001	1.013	0.11912453439859431	0.0043414270302105555	0.9620769991539692	0	600
291	326.37725925445557	0.0970268506439052	0.001	1.016	0.4212511095764676	0.004378704532027998	0.24200050656485872	0	600
292	327.4573538303375	0.06707043206336148	0.001	1.02	0.2915012716309503	0.00435760890464367	-0.7417595229523186	0	600
293	328.54134821891785	-0.034180209157307614	0.001	1.023	-0.14704428597432337	0.0043432595830968325	-0.9397602210879412	0	600
294	329.6135346889496	-0.09888067265507247	0.001	1.027	-0.4272805442327522	0.00438025905019158	-0.1490964526458425	0	600
295	330.76932430267334	-0.05352284946436128	0.001	1.03	-0.2308228070458864	0.004350575158443566	0.8447379458565736	0	600
296	331.8613512516022	0.05031514287717549	0.001	1.034	0.2189293101064879	0.00434913975074696	0.8641857879566615	0	600
297	332.90929436683655	0.09999903648881946	0.001	1.037	0.43412449865282576	0.004381210806999635	-0.004421008239820863	0	600
298	333.95905113220215	0.04939658163387424	0.001	1.041	0.21495075799282573	0.004348744957176722	-0.869508998447627	0	600
299	335.01107144355774	-0.0510164074361946	0.001	1.044	-0.21996668797744473	0.004349446022751222	-0.860048149642982	0	600
300	336.10527420043945	-0.09982732151827134	0.001	1.048	-0.4313807518814441	0.004381063990983081	0.058763125116049586	0	600
301	337.16936564445496	-0.04330852582958748	0.001	1.051	-0.1865816427434308	0.0043463114128722835	0.9013908516472787	0	600
302	338.2732825279236	0.06099489143110576	0.001	1.055	0.2651863631799589	0.004354260526521512	0.7923966718894339	0	600
303	339.35729718208313	0.09857186888935049	0.001	1.058	0.42794302658351574	0.00437999809987137	-0.16842945743235385	0	600
304	340.43720722198486	0.03161358961804822	0.001	1.062	0.13792752085130577	0.0043425306855428706	-0.9487332853824253	0	600
305	341.5225591659546	-0.06915825263536833	0.001	1.065	-0.29854422114605517	0.004358832257966575	-0.7222578782009725	0	600
306	342.603422164917	-0.09627653299914574	0.001	1.069	-0.41600126872671955	0.004378083564131373	0.2703938463127709	0	600
307	343.6852765083313	-0.021354605289833198	0.001	1.072	-0.0914929182804887	0.004340184332463909	0.9769390566585602	0	600
308	344.73731112480164	0.07425328639772664	0.001	1.076	0.3226122732136108	0.004361973518235391	0.6697420044607943	0	600
309	345.82513761520386	0.09380396401974109	0.001	1.079	0.4072918635445116	0.004376070761694102	-0.34658119638046203	0	600
310	346.8773307800293	0.01639902346791307	0.001	1.083	0.07202887255048618	0.004339376195467908	-0.9864716959746751	0	600
311	347.9597797393799	-0.07942144581797239	0.001	1.086	-0.34299705347198955	0.004365385328772847	-0.6075936204485302	0	600
312	349.0093467235565	-0.09224266547902853	0.001	1.09	-0.39852943191079154	0.004374826291330757	0.386195419369787	0	600
313	350.06137466430664	-0.012198067484480386	0.001	1.093	-0.051833327692508396	0.004338857194658785	0.9925393374104899	0	600
314	351.1212623119354	0.08061424290176505	0.001	1.097	0.350163399639435	0.004366204961772609	0.5916800268952591	0	600
315	352.17327976226807	0.09135705369656404	0.001	1.1	0.39669359335924853	0.004374129522767114	-0.40670013013314354	0	600
316	353.25727009773254	0.006793103492993159	0.001	1.104	0.03042287893972244	0.00433841369757764	-0.9976926260654558	0	600
317	354.3093411922455	-0.08327684252904119	0.001	1.107	-0.3596958820429641	0.004368078071892353	-0.5535722453319094	0	600
318	355.39334654808044	-0.08788713877853897	0.001	1.111	-0.3796643969588852	0.004371463253289522	0.47713924543627784	0	600
319	356.5612304210663	0.009423922250768865	0.001	1.114	0.041817709285267346	0.004338598038316517	0.995547244339807	0	600
320	357.6129333972931	0.09111592400868544	0.001	1.118	0.395649191544593	0.004373940955484413	0.41200184080662755	0	600
321	358.70133900642395	0.07877169042288919	0.001	1.121	0.342182776558693	0.00436494392475656	-0.6160807828129313	0	600
322	359.7813153266907	-0.01720235224155156	0.001	1.125	-0.07350831979870504	0.004339492800319746	-0.9850804124984998	0	600
323	360.84144258499146	-0.09434899507756497	0.001	1.128	-0.4076525493266849	0.004376510025629757	-0.3313314017430628	0	600
324	361.9093232154846	-0.0745115016195258	0.001	1.132	-0.32173067737442285	0.0043621385965867355	0.66697791258334	0	600
325	362.9930212497711	0.02406077501637631	0.001	1.135	0.10521411527631665	0.004340715122343181	0.9706049356059306	0	600
326	364.03935956954956	0.09606491855256723	0.001	1.139	0.41708470588471397	0.004377909286288099	0.27771049172111123	0	600
327	365.0893337726593	0.07189475757193133	0.001	1.142	0.3123968086341591	0.004360491940952648	-0.6951054389785684	0	600
328	366.18132734298706	-0.028567561356877366	0.001	1.146	-0.12273429909811946	0.00434173929569601	-0.9583081890448973	0	600
329	367.23853039741516	-0.09750415181634507	0.001	1.149	-0.42131843780560047	0.004379102012092177	-0.2219670464205528	0	600
330	368.322811126709	-0.06521418729958156	0.001	1.153	-0.2814613433384512	0.004356552456050894	0.7581263301165294	0	600
331	369.41337728500366	0.03710874758151169	0.001	1.156	0.1617286255570427	0.004344160556007623	0.9285529620029015	0	600
332	370.50533723831177	0.09951357463134143	0.001	1.16	0.43202182415696955	0.004380796376953939	0.0984479324650933	0	600
333	371.5573606491089	0.05789615380409037	0.001	1.163	0.25176484205052535	0.004352674180089699	-0.8153665865340101	0	600
334	372.61731815338135	-0.04282089901821801	0.001	1.167	-0.1844695912115374	0.004346130267722154	-0.9036552296993002	0	600
335	373.69727301597595	-0.09988319941085318	0.001	1.17	-0.4316227750554673	0.004381111739333991	-0.04829437659975663	0	600
336	374.74528431892395	-0.054056852875428635	0.001	1.174	-0.2331357289281218	0.004350822680962929	0.8413385190250674	0	600
337	375.80044436454773	0.04653636376540569	0.001	1.177	0.20256233432579565	0.004347562020750696	0.8850930690172453	0	600
338	376.85336112976074	0.0999427421287132	0.001	1.181	0.43388067163854516	0.004381162648155822	0.03381126384357857	0	600
339	377.9049561023712	0.05252740874657346	0.001	1.184	0.22851126788541992	0.004350120272477837	-0.8509629000958752	0	600
340	378.9612317085266	-0.04822599904066881	0.001	1.188	-0.20788062915342922	0.004348252336786542	-0.8760174464295798	0	600
341	380.0168664455414	-0.09999289340993445	0.001	1.191	-0.4320978912168376	0.004381205550410282	-0.011866144853726624	0	600
342	381.0693619251251	-0.05057270208963347	0.001	1.195	-0.21804487290275296	0.0043492517477383185	0.8627217742250854	0	600
343	382.1540765762329	0.05265101212739373	0.001	1.198	0.22904662956718533	0.0043501762936655605	0.8501388579882359	0	600
344	383.2373218536377	0.09977603503950516	0.001	1.202	0.43315861543710193	0.004381020189110849	-0.06694622347995632	0	600
345	384.3173291683197	0.0411276636697758	0.001	1.205	0.17913570343475593	0.004345517130242287	-0.9115228314678221	0	600
346	385.3718876838684	-0.0589718922640759	0.001	1.209	-0.2544241737553352	0.0043532155806342895	-0.8075742560191967	0	600
347	386.45468068122864	-0.09898356831222199	0.001	1.212	-0.4277262148260026	0.004380346178567914	0.1422410045003536	0	600
348	387.50534534454346	-0.03685276611669272	0.001	1.216	-0.15861989643817234	0.004344078857917542	0.9296377807980233	0	600
349	388.58537101745605	0.0646205378067811	0.001	1.219	0.2808900771745672	0.004356220795418103	0.7631236485740769	0	600
350	389.6653370857239	0.09776606115626182	0.001	1.223	0.4244528422511535	0.00437932093461553	-0.21024079123732278	0	600
351	390.7173261642456	0.030223555669976084	0.001	1.226	0.13190688527311734	0.004342159620642425	-0.9532504190514496	0	600
352	391.8012752532959	-0.07010804773505809	0.001	1.23	-0.30265805604707474	0.004359401080572526	-0.713042040840164	0	600
353	392.8541419506073	-0.09666514392669563	0.001	1.233	-0.41768445407605914	0.004378404590322309	0.25614683887122264	0	600
354	393.92932653427124	-0.02344276609386411	0.001	1.237	-0.10053734143804074	0.004340588338134144	0.972146811675717	0	600
355	395.0093421936035	0.07469002220389534	0.001	1.241	0.3245039012105636	0.004362253057123384	0.6648919672717492	0	600
356	396.09060645103455	0.0938045930065758	0.001	1.244	0.40729458786683514	0.004376071267180199	-0.3465395689614006	0	600
357	397.14148926734924	0.01652959015890144	0.001	1.248	0.07259439432510266	0.004339394768251122	-0.9862537120203632	0	600
358	398.2253186702728	-0.07942483377215658	0.001	1.251	-0.3430117276729519	0.004365387639726597	-0.6075487655461881	0	600
359	399.2788426876068	-0.0920869603295536	0.001	1.255	-0.3978550282647971	0.004374703308981346	0.3898935474493581	0	600
360	400.3406653404236	-0.010826390220136308	0.001	1.258	-0.04589220017475543	0.0043387207450797695	0.9941282279017153	0	600
361	401.42672514915466	0.08291487836489841	0.001	1.262	0.36012811146607304	0.004367819907239258	0.5589813364465803	0	600
362	402.4772717952728	0.08972342086833379	0.001	1.265	0.38961786118667774	0.004372861588428285	-0.4415887496387746	0	600
363	403.5333995819092	0.0057303762906681975	0.001	1.269	0.025819902722414755	0.004338356190922298	-0.9983600666208906	0	600
364	404.6133131980896	-0.08534557766356254	0.001	1.272	-0.3686561670561625	0.0043695748409359305	-0.5211158222819626	0	600
365	405.6964604854584	-0.08603046189426022	0.001	1.276	-0.3716225970286085	0.004370078344377007	0.509826662906225	0	600
366	406.7799084186554	0.00475635370220977	0.001	1.279	0.021601131621057673	0.004338312055682024	0.9988655593820388	0	600
367	407.82572174072266	0.08881918528332866	0.001	1.283	0.3857013576065339	0.004372169452360217	0.4594238591456563	0	600
368	408.9093425273895	0.08218071962708916	0.001	1.286	0.3569482594753913	0.0043672996885109	-0.569819170603775	0	600
369	409.99723196029663	-0.01229948957605357	0.001	1.29	-0.05227261585074848	0.004338867929084726	-0.9924029626772103	0	600
370	411.0561053752899	-0.0925436244803996	0.001	1.293	-0.39983297163638154	0.004375064580234628	-0.37885106820240094	0	600
371	412.1053364276886	-0.07896116295696386	0.001	1.297	-0.34100343642913833	0.0043650722708773486	0.6136517425064185	0	600
372	413.1901993751526	0.01738002807217278	0.001	1.3	0.07627788476415491	0.00433951934284956	0.9847712646373276	0	600
373	414.2426059246063	0.09415114954860188	0.001	1.304	0.4087956236146814	0.004376350284297031	0.33695774482291685	0	600
374	415.29196405410767	0.07611858350192291	0.001	1.307	0.33069140978793077	0.0043631787511240255	-0.6485775626610736	0	600
375	416.3458557128906	-0.018762572739520176	0.001	1.311	-0.08026608212020574	0.004339735189602836	-0.9822360766121404	0	600
376	417.39326906204224	-0.09445292242285172	0.001	1.314	-0.40810268845706216	0.004376594069010524	-0.3284037355803165	0	600
377	418.4460542201996	-0.07530221707032574	0.001	1.318	-0.3251554927049491	0.004362647630113554	0.6580367956770662	0	600
378	419.5573396682739	0.025576208513512395	0.001	1.321	0.11177789225592936	0.00434103995830801	0.966732865074025	0	600
379	420.6126265525818	0.09671893750413005	0.001	1.325	0.4199174494835662	0.004378449128498291	0.25402630679778776	0	600
380	421.6732671260834	0.06939932718489465	0.001	1.328	0.3015883841406978	0.0043589759073339	-0.720014741732649	0	600
381	422.7324426174164	-0.02880136476417309	0.001	1.332	-0.12374696869098703	0.004341797206593439	-0.9576100972265074	0	600
382	423.82123708724976	-0.09820321192201718	0.001	1.335	-0.4243462675570529	0.004379687620040154	-0.1886688949805967	0	600
383	424.8973400592804	-0.0632318505297908	0.001	1.339	-0.2728752744149503	0.004355456711807009	0.774749535038935	0	600
384	425.9732520580292	0.03814537890379238	0.001	1.342	0.16621857303569507	0.004344497169352781	0.9243765406637023	0	600
385	427.0252285003662	0.09918884534675398	0.001	1.346	0.4306153285193785	0.004380520265381932	0.1270867578361468	0	600
386	428.07729721069336	0.0602135217352371	0.001	1.349	0.26180202699364513	0.004353852775900429	-0.7984393449635309	0	600
387	429.1308698654175	-0.03962182914710883	0.001	1.353	-0.17061350236577694	0.004344992562987098	-0.9181343284988108	0	600
388	430.18284916877747	-0.09937990737032366	0.001	1.356	-0.4294428729245635	0.004380682614867416	-0.11113254446453591	0	600
389	431.26127910614014	-0.05677632971945155	0.001	1.36	-0.24491456286515761	0.004352121110432308	0.8232275948064856	0	600
390	432.3168761730194	0.04365943453586613	0.001	1.363	0.19010152896250299	0.004346443033933896	0.8996339111290689	0	600
391	433.36838603019714	0.09977241606498696	0.001	1.367	0.433142940620835	0.004381017099113106	0.06737135686425687	0	600
392	434.42180013656616	0.05520820275735422	0.001	1.37	0.2401225553805823	0.004351364668819166	-0.8338233657915907	0	600
393	435.47454857826233	-0.04510018631678484	0.001	1.374	-0.19434183801651425	0.00434699453002301	-0.8924978450221276	0	600
394	436.5253336429596	-0.0998642027177942	0.001	1.377	-0.4315404949311168	0.004381095503485223	-0.052024896916617616	0	600
395	437.61190152168274	-0.05110036079946683	0.001	1.381	-0.22033031406479778	0.004349482971415939	0.8596073180358648	0	600
396	438.69735193252563	0.05219212848358138	0.001	1.384	0.2270590729351929	0.004349968971627738	0.8529601782550765	0	600
397	439.8332681655884	0.09934850122521938	0.001	1.388	0.4313068439053796	0.004380655907351275	-0.11398534888289037	0	600
398	440.9324052333832	0.03498780154146736	0.001	1.391	0.15254220014216777	0.004343500667457138	-0.9368147029105218	0	600
399	441.98604249954224	-0.06413040483850084	0.001	1.395	-0.2767671707585304	0.004355949234440481	-0.7672510752711645	0	600
400	443.0697934627533	-0.09782059570561548	0.001	1.398	-0.4226890470204934	0.004379366590976401	0.20771788368756833	0	600
401	444.14137744903564	-0.02859591269669827	0.001	1.402	-0.12285709687975047	0.004341746292947564	0.9582919801134214	0	600
402	445.2333550453186	0.07186895214280815	0.001	1.405	0.31228503792172085	0.004360475992261803	0.6952906843971678	0	600
403	446.3198311328888	0.09499888820130616	0.001	1.409	0.41246742278228854	0.004377037070628537	-0.31233740245807284	0	600
404	447.37732195854187	0.01944505805564687	0.001	1.412	0.08522212170583054	0.004339847824750304	-0.9809324776198401	0	600
405	448.46554470062256	-0.07786487831989783	0.001	1.416	-0.3362551133404143	0.0043643338802413015	-0.6274293847918578	0	600
406	449.52532386779785	-0.09281096332778509	0.001	1.419	-0.40099089283552436	0.004375276889908412	0.37234418305466277	0	600
407	450.6133532524109	-0.010110469300372155	0.001	1.423	-0.042791341403155284	0.004338655983488367	0.9948779369134663	0	600
408	451.66523838043213	0.08137700468052278	0.001	1.426	0.35346713960149867	0.004366735417753815	0.5811576873952797	0	600
409	452.7213206291199	0.09064922244320385	0.001	1.43	0.3936277732523047	0.004373577380177178	-0.4222519016485998	0	600
410	453.7733566761017	0.008276456047331683	0.001	1.433	0.03684770415786436	0.004338510282319388	-0.9965740005509692	0	600
411	454.82172894477844	-0.08223403346783963	0.001	1.437	-0.35517917700577056	0.004367337312536988	-0.5689484871639858	0	600
412	455.87498474121094	-0.09013277048999074	0.001	1.44	-0.38939087176637177	0.004373177188984696	0.4331889607444823	0	600
413	456.9282486438751	-0.006950442166224731	0.001	1.444	-0.029104357845469143	0.004338423040919088	0.9975855857871122	0	600
414	457.981725692749	0.08326722025938911	0.001	1.447	0.36165420523421377	0.0043680711946234565	0.5537183535606579	0	600
415	459.0333433151245	0.08939390935405302	0.001	1.451	0.388190652341129	0.004372608568683646	-0.4482389730149497	0	600
416	460.1155183315277	0.0023881438492073435	0.001	1.454	0.011343735737037914	0.00433823894612974	-0.9997161456071922	0	600
417	461.16938066482544	-0.0857284915644275	0.001	1.458	-0.37031467694948406	0.0043698558572600275	-0.5148169352155791	0	600
418	462.2211322784424	-0.08722913607725315	0.001	1.461	-0.37681439859776605	0.004370969111847285	0.4890081131738637	0	600
419	463.2706296443939	-0.0010362003359251843	0.001	1.465	-0.0034880807531747	0.004338218941852459	0.9999469779636244	0	600
420	464.3212971687317	0.08625577890376526	0.001	1.468	0.37459850959943347	0.004370244856728523	0.505896448626921	0	600
421	465.4693396091461	0.08152897359988387	0.001	1.472	0.35412536056362204	0.004366841692239362	-0.5790965787351435	0	600
422	466.5573105812073	-0.013432692533334756	0.001	1.475	-0.057180842769506746	0.0043389939088970516	-0.9909192229779678	0	600
423	467.6453778743744	-0.09400547325674309	0.001	1.479	-0.4061646578264861	0.0043762328752630884	-0.3409734010695675	0	600
424	468.73328733444214	-0.07385364097237976	0.001	1.482	-0.3188812942905127	0.004361719140419331	0.6742340199886403	0	600
425	469.80532479286194	0.023881421832945164	0.001	1.486	0.10443728521491812	0.004340677988750368	0.9710518935239261	0	600
426	470.8586232662201	0.09620568969143578	0.001	1.489	0.4176944260489082	0.004378025178271327	0.2727956941445777	0	600
427	471.91275811195374	0.07124769997743031	0.001	1.493	0.30959421666869463	0.004360093746571807	-0.7017109222240238	0	600
428	472.9647946357727	-0.02561352811266542	0.001	1.496	-0.10993953414009776	0.004341048207758997	-0.9666265932682254	0	600
429	474.0172336101532	-0.09665592214828744	0.001	1.5	-0.4176445119097146	0.004378396957630463	-0.2564149298380409	0	600
430	475.0973310470581	-0.06816638283932357	0.001	1.503	-0.29424814867150884	0.0043582464415655615	0.7317043558749615	0	600
431	476.1693813800812	0.03165076906750189	0.001	1.507	0.1380885557069427	0.004342540839095821	0.9485350693153716	0	600
432	477.27731561660767	0.09900968159503783	0.001	1.51	0.42983931894105126	0.0043803683045065146	0.14035436740824453	0	600
433	478.3508548736572	0.05956730546814742	0.001	1.514	0.2590030790584237	0.0043535194972802805	-0.803260230320832	0	600
434	479.4372835159302	-0.04334573896415778	0.001	1.518	-0.18674282349896604	0.004346325320851642	-0.9011482250709066	0	600
435	480.52533173561096	-0.09994076106142233	0.001	1.521	-0.4318720910680989	0.004381160953871607	-0.03435761607095756	0	600
436	481.61332964897156	-0.04944669383781165	0.001	1.525	-0.21316780831619767	0.004348766308510267	0.8692309771156123	0	600
437	482.6933536529541	0.05335585923457793	0.001	1.528	0.23209952448142968	0.004350498256237178	0.8457320635240445	0	600
438	483.76708698272705	0.09978398860153508	0.001	1.532	0.43319306459469054	0.004381026980506079	-0.06576121444846704	0	600
439	484.8505947589874	0.04091791124044275	0.001	1.535	0.17822720552331608	0.004345442892666321	-0.9124683258218919	0	600
440	485.90936255455017	-0.05949577534450276	0.001	1.539	-0.25669326158387595	0.00435348282593821	-0.8037426460008068	0	600
441	486.97926807403564	-0.09907216890087002	0.001	1.542	-0.42810996937890583	0.004380421273608288	0.13596161826385816	0	600
442	488.0653269290924	-0.03413869156244407	0.001	1.546	-0.14686446136708772	0.004343247340959161	0.9399677760469203	0	600
443	489.2094404697418	0.07143563105920855	0.001	1.549	0.31040820006728054	0.004360209030737761	0.699712149739774	0	600
444	490.26283144950867	0.0961524008300918	0.001	1.553	0.4174636167115005	0.004377981287804804	-0.2747750170163809	0	600
445	491.3453574180603	0.020843122548010896	0.001	1.556	0.09127753987385648	0.0043400911110001925	-0.9780486528542129	0	600
446	492.42542004585266	-0.07643834577247774	0.001	1.56	-0.3300763918636094	0.004363388328838093	-0.6447433279570741	0	600
447	493.47720193862915	-0.0938995065326836	0.001	1.563	-0.4057056855619155	0.0043761475827357645	0.3439870296603128	0	600
448	494.5293207168579	-0.016681720179340068	0.001	1.567	-0.0712533130621836	0.004339416594045455	0.9859971057121829	0	600
449	495.58663749694824	0.07768929810679981	0.001	1.57	0.33749462509531064	0.004364216567686134	0.6295893236889009	0	600
450	496.6453318595886	0.09295468959364966	0.001	1.574	0.40361341250202937	0.004375391280345152	-0.3687568701071708	0	600
451	497.7292709350586	0.01090305335847389	0.001	1.577	0.0482242502076708	0.004338727942428039	-0.994041961813749	0	600
452	498.7852871417999	-0.08115379542867952	0.001	1.581	-0.35050035633344095	0.004366579678493275	-0.5842147645515393	0	600
453	499.8573360443115	-0.09013040413743505	0.001	1.584	-0.38938062241497495	0.0043731753605104045	0.4332381979999653	0	600
454	500.9933364391327	0.0013227608722802455	0.001	1.588	0.006729256598467447	0.004338221862807991	0.9999118288298218	0	600
455	502.17728996276855	0.09310154788685444	0.001	1.591	0.40424949787695635	0.004375508343272799	0.36490466795844934	0	600
456	503.29732632637024	0.07341211193293011	0.001	1.595	0.3189689054259093	0.004361439682367143	-0.6790601989049336	0	600
457	504.38320684432983	-0.025853701003524295	0.001	1.598	-0.11097979179252906	0.004341101585092111	-0.9659869896132081	0	600
458	505.43704628944397	-0.09675500027801226	0.001	1.602	-0.41807364769713107	0.0043784790001465896	-0.2526261048898304	0	600
459	506.49125623703003	-0.06975951796334656	0.001	1.605	-0.30114847367569847	0.004359191457110334	0.7165312091087279	0	600
460	507.54132175445557	0.027446128923562588	0.001	1.609	0.11987705369349211	0.004341468078952049	0.9615827701595497	0	600
461	508.59498381614685	0.09715503694393636	0.001	1.612	0.42180632119534517	0.0043788110931495304	0.23677858583948108	0	600
462	509.6493225097656	0.06856959315419224	0.001	1.616	0.29799456815324726	0.004358483573588767	-0.7279294620840524	0	600
463	510.7373354434967	-0.03263612016800244	0.001	1.619	-0.14035639384205342	0.004342814274792311	-0.9452264593362827	0	600
464	511.81727862358093	-0.0987479866950877	0.001	1.623	-0.4267058432964777	0.004380146827665452	-0.15771683457397453	0	600
465	512.8750329017639	-0.062211718668830046	0.001	1.626	-0.268456790833983	0.004354905906835371	0.7829607728481682	0	600
466	513.9259512424469	0.037043180340335685	0.001	1.63	0.1614446350361382	0.004344139576083386	0.9288389981328382	0	600
467	515.0068883895874	0.09939137761229383	0.001	1.633	0.43149255383127216	0.004380692371126603	0.11010394475763258	0	600
468	516.0570414066315	0.05899759981339309	0.001	1.637	0.2565355205222698	0.0043532286399054045	-0.8074538376227057	0	600
469	517.1073186397552	-0.040707467495718755	0.001	1.64	-0.17531571332670481	0.004345368790609281	-0.9133715867083206	0	600
470	518.1573195457458	-0.09948485743565515	0.001	1.644	-0.42989744174868777	0.004380771923556627	-0.10131570496279618	0	600
471	519.2075901031494	-0.058272481993027585	0.001	1.647	-0.2513948273372394	0.004352862453706343	0.8126855187649631	0	600
472	520.269079208374	0.04254114800575067	0.001	1.651	0.18525790936662198	0.004346027267473717	0.904976102161265	0	600
473	521.3181126117706	0.0996611645740695	0.001	1.654	0.4326610785157597	0.004380922162603395	0.08219302632550933	0	600
474	522.361763715744	0.057245090129651066	0.001	1.658	0.24894489860422908	0.004352351320487597	-0.819971346294295	0	600
475	523.4119026660919	-0.04265202911682128	0.001	1.661	-0.18373816725038564	0.004346068011812897	-0.9044667058272999	0	600
476	524.4531128406525	-0.09960475480319267	0.001	1.665	-0.4304167516243413	0.004380874064983344	-0.08876582352787511	0	600
477	525.5039010047913	-0.057200405300018735	0.001	1.668	-0.24675135579510357	0.004352329294502456	0.8202828401249211	0	600
478	526.5474538803101	0.04210527330351289	0.001	1.672	0.1833700110576888	0.004345868125350728	0.9070124675321578	0	600
479	527.59743309021	0.09962860915391106	0.001	1.675	0.43252007165679723	0.0043808944010645945	0.0860491429209338	0	600
480	528.6470937728882	0.05706880851600093	0.001	1.679	0.24818137239222937	0.004352264527264345	-0.8211999812071076	0	600
481	529.6896646022797	-0.04216132629465691	0.001	1.682	-0.18161279263378888	0.004345888499340208	-0.9067523249792011	0	600
482	530.7326114177704	-0.09957134064852634	0.001	1.686	-0.43027202534000974	0.004380845587099592	-0.09243620174881453	0	600
483	531.7811546325684	-0.0576859231550823	0.001	1.689	-0.24885427283255837	0.00435256953111827	0.816889234300212	0	600
484	532.8316426277161	0.04219626774750468	0.001	1.693	0.18376413408444958	0.004345901213430925	0.9065894585104914	0	600
485	533.8817501068115	0.09963829395632193	0.001	1.696	0.4325620193128552	0.004380902658821979	0.08492062603635865	0	600
486	534.9621551036835	0.05442294737053324	0.001	1.7	0.23672138915265276	0.004350993785501362	-0.8389670187510513	0	600
487	536.0118505954742	-0.04566487791198398	0.001	1.703	-0.19678767922310864	0.004347215548858384	-0.8896212562005961	0	600
488	537.0626127719879	-0.0998950643527553	0.001	1.707	-0.4316741655207492	0.004381121881445825	-0.045776113410143586	0	600
489	538.1096169948578	-0.05392996243586676	0.001	1.71	-0.2325861300524844	0.0043507636431072355	0.8421338853419941	0	600
490	539.1912865638733	0.048998119732919405	0.001	1.714	0.21322490525320847	0.004348575951071804	0.871705313827506	0	600
491	540.2420055866241	0.09999679290750013	0.001	1.717	0.4341147810588545	0.0043812088871461935	0.007952769922914127	0	600
492	541.2922723293304	0.05042719859218915	0.001	1.721	0.21941465553671013	0.00434918840710925	-0.8635732549671619	0	600
493	542.342369556427	-0.049823432343718374	0.001	1.724	-0.2147995708033523	0.004348927515490342	-0.8670095142462111	0	600
494	543.3956530094147	-0.09999918154100389	0.001	1.728	-0.43212512691542576	0.004381210931123594	0.004102142358200671	0	600
495	544.4461352825165	-0.04936385435466367	0.001	1.731	-0.2128090067630333	0.004348731024677262	0.8696945920396908	0	600
496	545.4960286617279	0.0508657666245395	0.001	1.735	0.22131421943058965	0.004349379875837628	0.8609404810705793	0	600
497	546.5397534370422	0.09999785232773192	0.001	1.738	0.43411936971163423	0.004381209793696694	-0.006621562023171779	0	600
498	547.5901696681976	0.04915133722353826	0.001	1.742	0.21388853413543832	0.004348640776489938	-0.8708973305421353	0	600
499	548.6339209079742	-0.050546763834320343	0.001	1.745	-0.2179325268820022	0.00434924044298935	-0.8628174827473946	0	600
500	549.68439412117	-0.09999538835078506	0.001	1.749	-0.43210869752100844	0.004381207685275419	0.009670205483907745	0	600
501	550.727532863617	-0.0495192273440738	0.001	1.752	-0.21348197172855052	0.004348797251060519	0.8688111527789147	0	600
502	551.7703523635864	0.05010080217123504	0.001	1.756	0.21800093905351547	0.004349046980655929	0.8654139701252295	0	600
503	552.81889128685	0.09999968612653587	0.001	1.759	0.434127312420039	0.004381211362908567	-0.002561275635771547	0	600
504	553.8625245094299	0.05009167019924604	0.001	1.763	0.21796138586452163	0.004349043036944409	-0.8655235625363819	0	600
505	554.905268907547	-0.04952147599149429	0.001	1.766	-0.2134917112652585	0.004348798211047293	-0.868757013829593	0	600
506	555.9523203372955	-0.09999839942609409	0.001	1.77	-0.4321217393515043	0.00438121026185483	-0.005601818572642287	0	600
507	557.002336025238	-0.05024576794796746	0.001	1.773	-0.21662882739698033	0.004349109681035083	0.8646293560992536	0	600
508	558.0521519184113	0.04998082518754811	0.001	1.777	0.2174812843374914	0.004348995224720783	0.8661078381662916	0	600
509	559.1026663780212	0.09999952074337973	0.001	1.78	0.4341265960981713	0.004381211221386316	-0.003151772465445624	0	600
510	560.1533329486847	0.0494303803034888	0.001	1.784	0.2150971497216458	0.004348759355428738	-0.8693177398671863	0	600
511	561.2035691738129	-0.05082934358452521	0.001	1.787	-0.2191564608011116	0.004349363911566469	-0.861155098852167	0	600
512	562.2874608039856	-0.09989283839220843	0.001	1.791	-0.4316645242473956	0.004381119978612333	0.046338619373785535	0	600
513	563.3378629684448	-0.045653512190251794	0.001	1.794	-0.19673845102351864	0.00434721107333643	0.8897306418451091	0	600
514	564.3881266117096	0.05448141596101076	0.001	1.798	0.23697463338206434	0.004351021218763273	0.8385261584366798	0	600
515	565.4385390281677	0.0998444526724463	0.001	1.802	0.43345495182200255	0.00438107862698156	-0.055810583469461814	0	600
516	566.5224738121033	0.041785083445260225	0.001	1.805	0.18198317697709332	0.004345752261425841	-0.9085392559125904	0	600
517	567.5729217529297	-0.058052169264608815	0.001	1.809	-0.25044058974262134	0.0043527520861855245	-0.8142118393885165	0	600
518	568.616557598114	-0.09957518265571677	0.001	1.812	-0.4302886661747278	0.004380848861050565	0.09213489872398394	0	600
519	569.6602654457092	-0.04213015262199856	0.001	1.816	-0.18147777051942257	0.004345877165084447	0.9069448331957702	0	600
