	t	Vhall	err_Vhall	I_fuente	B	err_B	Vdiodo	err_Vdiodo	frec_TTL
0	1744660880.8027928	0.724630899	0.001	0.0	3.2322718345051507	0.006205349040465754	0.0134467	0	600
1	1744660881.1101434	0.724680178	0.001	0.003	3.232485275983374	0.006205564789624206	0.013405399999999998	0	600
2	1744660881.5118866	0.724991268	0.001	0.006	3.2338326959687755	0.0062069269430792984	0.013598099999999998	0	600
3	1744660881.9134848	0.725082703	0.001	0.009	3.2342287271699237	0.006207327359022768	0.0137628	0	600
4	1744660882.3153334	0.725109952	0.001	0.012	3.2343467504017283	0.006207446693744048	0.013753200000000002	0	600
5	1744660882.7171655	0.725148818	0.001	0.015	3.2345150901913478	0.006207616907937349	0.0137486	0	600
6	1744660883.1217632	0.7253516	0.001	0.017	3.235393397174792	0.006208505066818495	0.013948000000000002	0	600
7	1744660883.5231042	0.72537505	0.001	0.02	3.2354949658483516	0.006208607782601468	0.014294700000000002	0	600
8	1744660883.9254835	0.725427715	0.001	0.023	3.2357230730634057	0.00620883847195238	0.014333300000000002	0	600
9	1744660884.3277469	0.725601238	0.001	0.026	3.2364746509287396	0.0062095986154014245	0.014389100000000002	0	600
10	1744660884.7302778	0.725709975	0.001	0.029	3.236945622052699	0.006210074999314645	0.0144427	0	600
11	1744660885.1331499	0.725844219	0.001	0.032	3.237527071306999	0.006210663179113806	0.014388699999999999	0	600
12	1744660885.5352407	0.726032273	0.001	0.035	3.2383415870996464	0.00621148721255933	0.0144704	0	600
13	1744660885.9384408	0.726047828	0.001	0.038	3.23840896026456	0.006211555377645522	0.0144693	0	600
14	1744660886.341761	0.726161414	0.001	0.041	3.2389009337978196	0.006212053155551868	0.014493800000000001	0	600
15	1744660886.7430515	0.726067863	0.001	0.044	3.2384957375939742	0.0062116431760273205	0.014476	0	600
16	1744660887.1475894	0.726337742	0.001	0.047	3.2396646609224007	0.006212825968466028	0.0145064	0	600
17	1744660887.5620918	0.726499322	0.001	0.05	3.24036451023045	0.006213534223955856	0.014474199999999998	0	600
18	1744660887.9507625	0.726544554	0.001	0.052	3.240560422991322	0.0062137325036647935	0.0144727	0	600
19	1744660888.3530173	0.726718808	0.001	0.055	3.2413151670272478	0.00621449642248475	0.0144785	0	600
20	1744660888.7554452	0.726879185	0.001	0.058	3.2420098057973745	0.006215199584279027	0.0145134	0	600
21	1744660889.1598704	0.726820393	0.001	0.061	3.2417551607885935	0.006214941806069439	0.014473500000000004	0	600
22	1744660889.5615096	0.726841688	0.001	0.064	3.2418473955392737	0.006215035174520665	0.014461499999999999	0	600
23	1744660889.9629707	0.727165244	0.001	0.067	3.2432488093449137	0.006216453977697892	0.014470699999999998	0	600
24	1744660890.3660502	0.727199072	0.001	0.07	3.2433953281120425	0.006216602332293628	0.014464200000000002	0	600
25	1744660890.7698739	0.727178856	0.001	0.07	3.243307766819732	0.006216513673485022	0.014449199999999999	0	600
26	1744660891.1715407	0.727161373	0.001	0.067	3.2432320429340247	0.0062164370014240805	0.014485000000000001	0	600
27	1744660891.573091	0.72703416	0.001	0.064	3.2426810469566454	0.006215879133195261	0.014482199999999997	0	600
28	1744660891.9779804	0.726866945	0.001	0.061	3.2419567908479343	0.0062151459161861955	0.0144833	0	600
29	1744660892.378117	0.726898537	0.001	0.059	3.2420936248579597	0.006215284436887571	0.014475500000000002	0	600
30	1744660892.7816384	0.726872018	0.001	0.056	3.2419787634654598	0.006215168159452616	0.014462800000000001	0	600
31	1744660893.1854498	0.726711133	0.001	0.053	3.24128192440168	0.00621446277387717	0.014460899999999999	0	600
32	1744660893.5854712	0.726535884	0.001	0.05	3.240522870735469	0.006213694497249832	0.0144788	0	600
33	1744660893.9889822	0.726487664	0.001	0.047	3.2403140160898802	0.006213483120738437	0.014577999999999999	0	600
34	1744660894.3908172	0.726284459	0.001	0.044	3.2394338769721545	0.006212592429314669	0.0144751	0	600
35	1744660894.7934198	0.72611094	0.001	0.041	3.2386823164319667	0.0062118319542188915	0.014489099999999996	0	600
36	1744660895.19736	0.726121018	0.001	0.039	3.2387259671395205	0.006211876120260632	0.014474500000000001	0	600
37	1744660895.5985832	0.72618146	0.001	0.036	3.238987758771388	0.006212141008841312	0.014479999999999998	0	600
38	1744660896.0013127	0.726025583	0.001	0.033	3.2383126107914966	0.006211457895875374	0.0144619	0	600
39	1744660896.4053788	0.725789955	0.001	0.03	3.2372920383644814	0.006210425419163626	0.0144737	0	600
40	1744660896.8069308	0.725786718	0.001	0.027	3.2372780179893725	0.006210411236388983	0.0144623	0	600
41	1744660897.211177	0.725481954	0.001	0.024	3.235957997723755	0.00620907606446758	0.014425999999999998	0	600
42	1744660897.6151836	0.725390376	0.001	0.021	3.2355613471486064	0.00620867491448349	0.0144227	0	600
43	1744660898.0153031	0.725408545	0.001	0.019	3.235640042297003	0.00620875450034498	0.014420099999999996	0	600
44	1744660898.4248543	0.725393454	0.001	0.016	3.2355746788491273	0.006208688397010741	0.014408899999999999	0	600
45	1744660898.8184345	0.725225668	0.001	0.013	3.2348479495756997	0.006207953486707672	0.0143316	0	600
46	1744660899.220837	0.724978766	0.001	0.01	3.233778546222215	0.006206872195719464	0.0142069	0	600
47	1744660899.625136	0.725062303	0.001	0.007	3.2341403689208565	0.006207238020359168	0.014218699999999997	0	600
48	1744660900.0266063	0.724668401	0.001	0.004	3.232434266419685	0.006205513227904776	0.013972099999999998	0	600
49	1744660900.4295306	0.72452326	0.001	0.001	3.2318056191340085	0.006204877809420355	0.013802399999999998	0	600
50	1744660900.830991	0.724682919	0.001	-0.001	3.232497148040271	0.006205576790249564	0.0138151	0	600
51	1744660901.2327528	0.724649203	0.001	-0.004	3.2323511143772543	0.006205429176656557	0.0138501	0	600
52	1744660901.6368232	0.724402771	0.001	-0.007	3.2312837467285274	0.0062043503631598485	0.013692	0	600
53	1744660902.0414953	0.724180876	0.001	-0.01	3.230322655862024	0.0062033791196022545	0.013538600000000001	0	600
54	1744660902.4407303	0.724239122	0.001	-0.013	3.2305749359882565	0.006203634050659996	0.015162100000000001	0	600
55	1744660902.845248	0.723936953	0.001	-0.016	3.2292661554116755	0.006202311626504829	0.0132185	0	600
56	1744660903.2460206	0.723865631	0.001	-0.019	3.2289572393803057	0.006201999529513773	0.012663299999999999	0	600
57	1744660903.648731	0.723901493	0.001	-0.021	3.2291125679846204	0.006202156455682057	0.0126696	0	600
58	1744660904.0506072	0.724003567	0.001	-0.024	3.229554679745172	0.006202603135407739	0.012720600000000002	0	600
59	1744660904.453093	0.723656069	0.001	-0.027	3.2280495662729067	0.006201082597003501	0.0127333	0	600
60	1744660904.8570125	0.723434669	0.001	-0.03	3.227090619393329	0.006200114008833245	0.012795199999999998	0	600
61	1744660905.2586505	0.723443326	0.001	-0.033	3.227128115342455	0.006200151879042481	0.0127935	0	600
62	1744660905.6617706	0.723094161	0.001	-0.036	3.2256157816152293	0.006198624626214449	0.012745699999999999	0	600
63	1744660906.0651119	0.722969013	0.001	-0.039	3.225073729744925	0.006198077314941562	0.012658799999999998	0	600
64	1744660906.4665802	0.722985696	0.001	-0.041	3.2251459886012572	0.0061981502722278465	0.012659300000000002	0	600
65	1744660906.8691366	0.723022067	0.001	-0.044	3.225303521830513	0.006198309330979562	0.0127329	0	600
66	1744660907.2727172	0.722758852	0.001	-0.047	3.2241634621967816	0.006197158319697814	0.012665699999999998	0	600
67	1744660907.675463	0.722688062	0.001	-0.05	3.2238568504099465	0.006196848797578571	0.012631900000000001	0	600
68	1744660908.0793128	0.722678666	0.001	-0.053	3.223816153639935	0.006196807715635304	0.0126244	0	600
69	1744660908.4791675	0.722328785	0.001	-0.056	3.2223007187114185	0.006195278124333137	0.012606399999999999	0	600
70	1744660908.8833337	0.722282067	0.001	-0.059	3.222098369658482	0.006195073912528892	0.012565600000000001	0	600
71	1744660909.2898166	0.722322113	0.001	-0.061	3.22227182036643	0.006195248959564129	0.0126069	0	600
72	1744660909.6861823	0.722277633	0.001	-0.064	3.2220791647331706	0.0061950545311466	0.0125895	0	600
73	1744660910.0893886	0.721884523	0.001	-0.067	3.22037649261108	0.006193336446639927	0.0125891	0	600
74	1744660910.4905598	0.72188776	0.001	-0.07	3.220390512986189	0.006193350592052132	0.012553599999999998	0	600
75	1744660910.8940823	0.72189544	0.001	-0.07	3.220423777268191	0.0061933841531175565	0.0125194	0	600
76	1744660911.298118	0.721889555	0.001	-0.067	3.2203982876458497	0.0061933584360615015	0.0126087	0	600
77	1744660911.6989396	0.7220629	0.001	-0.064	3.2211490945421475	0.006194115985210952	0.0125371	0	600
78	1744660912.1023104	0.722156883	0.001	-0.061	3.221556161861856	0.006194526745298475	0.012585300000000002	0	600
79	1744660912.505066	0.722267722	0.001	-0.059	3.222036237350499	0.006195011209553347	0.0125966	0	600
80	1744660912.9094498	0.722200205	0.001	-0.056	3.221743801865095	0.006194716096333019	0.0126227	0	600
81	1744660913.3089921	0.722486066	0.001	-0.053	3.222981947817863	0.00619596567218563	0.0126228	0	600
82	1744660913.7133975	0.722531283	0.001	-0.05	3.2231777956094345	0.006196163350146574	0.012664	0	600
83	1744660914.1135838	0.722490208	0.001	-0.047	3.222999888007453	0.006195983779771377	0.0126249	0	600
84	1744660914.5171585	0.722755536	0.001	-0.044	3.2241490996500213	0.006197143820491332	0.012660100000000002	0	600
85	1744660914.9191325	0.722836498	0.001	-0.041	3.2244997692853623	0.006197497836068427	0.012639500000000001	0	600
86	1744660915.322065	0.722863222	0.001	-0.039	3.2246155185916394	0.006197614694071064	0.0126882	0	600
87	1744660915.7248042	0.722863585	0.001	-0.036	3.2246170908487186	0.006197616281402467	0.012688899999999998	0	600
88	1744660916.1266966	0.723194809	0.001	-0.033	3.226051716960919	0.006199064825002779	0.012714399999999997	0	600
89	1744660916.5291953	0.723317102	0.001	-0.03	3.226581403007641	0.006199599731749327	0.012727800000000001	0	600
90	1744660916.9329853	0.723294531	0.001	-0.027	3.2264836415351072	0.006199501003385796	0.012732100000000001	0	600
91	1744660917.3340504	0.723550041	0.001	-0.024	3.2275903286046685	0.006200618724038623	0.012822700000000001	0	600
92	1744660917.7391741	0.723615074	0.001	-0.021	3.227872005173863	0.006200903239753926	0.0128939	0	600
93	1744660918.142978	0.723695775	0.001	-0.019	3.22822154434337	0.006201256319489215	0.0128666	0	600
94	1744660918.5424376	0.723631328	0.001	-0.016	3.227942405908193	0.0062009743520442685	0.0129002	0	600
95	1744660918.944418	0.723861113	0.001	-0.013	3.2289376706269093	0.006201979759764371	0.012945799999999999	0	600
96	1744660919.3488705	0.72395243	0.001	-0.01	3.2293331907362246	0.006202379354089707	0.013054200000000002	0	600
97	1744660919.749053	0.723957836	0.001	-0.007	3.229356605672227	0.006202403010993974	0.013053600000000002	0	600
98	1744660920.1532595	0.724258043	0.001	-0.004	3.230656888264266	0.006203716866239006	0.013136399999999998	0	600
99	1744660920.5541613	0.724408571	0.001	-0.001	3.2313088681914977	0.006204375751949925	0.013253599999999999	0	600
100	1744660920.9570441	0.724411613	0.001	0.001	3.231322043965697	0.006204389067972314	0.0132544	0	600
101	1744660921.3607135	0.724402046	0.001	0.004	3.2312806065456563	0.006204347189568077	0.0132768	0	600
102	1744660921.7622871	0.72470824	0.001	0.007	3.2326068205512817	0.006205687651508205	0.0133303	0	600
103	1744660922.164799	0.724838602	0.001	0.01	3.233171455750539	0.006206258436783808	0.013449	0	600
104	1744660922.5687888	0.724853532	0.001	0.013	3.233236121861253	0.0062063238104474	0.013462899999999996	0	600
105	1744660922.9698343	0.725205399	0.001	0.016	3.234760158725193	0.006207864713186937	0.0138459	0	600
106	1744660923.3725467	0.725324642	0.001	0.019	3.235276634347422	0.006208386987283325	0.014216700000000002	0	600
107	1744660923.7741287	0.725343586	0.001	0.021	3.235358686243026	0.006208469964235644	0.0142263	0	600
108	1744660924.1778038	0.725342163	0.001	0.024	3.235352522822025	0.006208463731291203	0.0143462	0	600
109	1744660924.5806162	0.72564287	0.001	0.027	3.2366549710574235	0.006209781003802084	0.0143014	0	600
110	1744660924.9832919	0.725731179	0.001	0.03	3.237037462656288	0.006210167899485352	0.014384	0	600
111	1744660925.3843822	0.725758926	0.001	0.033	3.237157642868879	0.006210289468220493	0.014372399999999999	0	600
112	1744660925.7869039	0.725935686	0.001	0.036	3.2379232411093226	0.0062110639651698695	0.014416299999999998	0	600
113	1744660926.1904867	0.726074068	0.001	0.039	3.2385226132280653	0.0062116703681291815	0.014401	0	600
114	1744660926.5922573	0.726034649	0.001	0.041	3.238351878236891	0.006211497624615118	0.014446399999999998	0	600
115	1744660926.9944105	0.726153519	0.001	0.044	3.2388667382891736	0.006212018555371665	0.014437	0	600
116	1744660927.3974996	0.726436769	0.001	0.047	3.240093575252319	0.006213260025553557	0.0144345	0	600
117	1744660927.801194	0.726462747	0.001	0.05	3.240206093418704	0.006213373897608973	0.014454100000000001	0	600
118	1744660928.2049093	0.726566418	0.001	0.053	3.2406551222441453	0.00621382834919743	0.014447000000000002	0	600
119	1744660928.6065283	0.726911478	0.001	0.056	3.2421496760393897	0.006215341179833551	0.0144159	0	600
120	1744660929.0065093	0.726904092	0.001	0.059	3.242117685155683	0.00621530879406899	0.01444	0	600
121	1744660929.4089234	0.726762908	0.001	0.061	3.241506176771554	0.006214689768328833	0.014460199999999998	0	600
122	1744660929.8128448	0.726812057	0.001	0.064	3.2417190551825037	0.006214905257035427	0.014456100000000003	0	600
123	1744660930.2141626	0.727176519	0.001	0.067	3.2432976446026696	0.006216503424470826	0.014442	0	600
124	1744660930.617221	0.727251655	0.001	0.07	3.2436230801615853	0.006216832944668457	0.014427800000000001	0	600
