	t	Vhall	err_Vhall	I_fuente	B	err_B	Vdiodo	err_Vdiodo	frec_TTL
0	1744661322.0342739	0.63816702	0.001	0.0	2.8577719837226816	0.00583854977992412	0.0134433	0	600
1	1744661322.2607582	0.638259673	0.001	0.003	2.858173290431053	0.005838929475583159	0.0131914	0	600
2	1744661322.663789	0.638419949	0.001	0.006	2.858867491741221	0.005839586364811448	0.0133043	0	600
3	1744661323.066858	0.638317552	0.001	0.009	2.8584239809750596	0.005839166681455896	0.0135303	0	600
4	1744661323.46878	0.638404111	0.001	0.012	2.8587988928221666	0.005839521448908586	0.013605	0	600
5	1744661323.870803	0.638452198	0.001	0.015	2.8590071714066205	0.005839718547944668	0.013464499999999999	0	600
6	1744661324.2761729	0.638338593	0.001	0.017	2.8585151155789132	0.005839252916862242	0.013618200000000002	0	600
7	1744661324.677265	0.63873028	0.001	0.02	2.860211624280003	0.0058408585113342015	0.0137044	0	600
8	1744661325.0795228	0.638718136	0.001	0.023	2.860159025134088	0.005840808722761909	0.013701	0	600
9	1744661325.4833262	0.638934246	0.001	0.026	2.8610950595069222	0.005841694819267422	0.013714899999999999	0	600
10	1744661325.8843133	0.63919928	0.001	0.029	2.862242997751195	0.005842781740140902	0.0138025	0	600
11	1744661326.289203	0.639195414	0.001	0.032	2.8622262529967397	0.0058427658836489186	0.013811399999999998	0	600
12	1744661326.692555	0.639521685	0.001	0.035	2.863639426245821	0.005844104278016713	0.0138655	0	600
13	1744661327.0930867	0.639847695	0.001	0.038	2.8650514690290696	0.0058454419776041155	0.013850099999999999	0	600
14	1744661327.4951606	0.639672969	0.001	0.041	2.8642946806258127	0.00584472498694516	0.0137969	0	600
15	1744661327.8962758	0.639625961	0.001	0.044	2.8640910754997275	0.005844532107355688	0.0138378	0	600
16	1744661328.300284	0.640055032	0.001	0.047	2.8659495050235186	0.005846292927888747	0.013863200000000001	0	600
17	1744661328.7034304	0.640140004	0.001	0.05	2.866317543118602	0.005846641712913526	0.0137604	0	600
18	1744661329.1045744	0.640065255	0.001	0.052	2.8659937837676464	0.005846334888942684	0.0138179	0	600
19	1744661329.5071712	0.640346387	0.001	0.055	2.8672114470655212	0.005847488960457753	0.0138324	0	600
20	1744661329.9087493	0.640186341	0.001	0.058	2.8665182419512987	0.005846831923387086	0.013808400000000002	0	600
21	1744661330.312309	0.640135766	0.001	0.061	2.866299187125487	0.00584662431656815	0.0138492	0	600
22	1744661330.7155333	0.640150729	0.001	0.064	2.866363996168663	0.005846685737690471	0.013791900000000001	0	600
23	1744661331.1165679	0.640542019	0.001	0.067	2.8680587853489246	0.005848292211556626	0.0138133	0	600
24	1744661331.5185857	0.640554223	0.001	0.07	2.8681116443720427	0.005848342324788115	0.0138631	0	600
25	1744661331.920368	0.640486748	0.001	0.07	2.867819390800681	0.0058480652590704825	0.013830100000000001	0	600
26	1744661332.3235018	0.640537066	0.001	0.067	2.8680373324858057	0.005848271873224404	0.013799199999999998	0	600
27	1744661332.7270958	0.64021849	0.001	0.064	2.866657488488026	0.005846963897465831	0.0137925	0	600
28	1744661333.128392	0.640198917	0.001	0.061	2.8665727122130757	0.005846883548384659	0.0137861	0	600
29	1744661333.531738	0.6400975	0.001	0.059	2.866133446107899	0.0058464672433298035	0.0138549	0	600
30	1744661333.9355092	0.640045842	0.001	0.056	2.8659097004985714	0.005846255207174122	0.0137594	0	600
31	1744661334.336923	0.639747827	0.001	0.053	2.8646189120870202	0.00584503215461952	0.0138263	0	600
32	1744661334.7392285	0.639449828	0.001	0.05	2.863328192976057	0.005843809481513696	0.013822899999999999	0	600
33	1744661335.1429245	0.639746319	0.001	0.047	2.864612380506648	0.0058450259665904225	0.013830400000000001	0	600
34	1744661335.5440965	0.639301091	0.001	0.044	2.862683970383339	0.0058431993394347575	0.013844100000000002	0	600
35	1744661335.9486003	0.639305168	0.001	0.041	2.8627016290392926	0.005843216062873775	0.013711999999999998	0	600
36	1744661336.3512523	0.639171484	0.001	0.039	2.862122605305555	0.005842667735354877	0.013875299999999998	0	600
37	1744661336.7649782	0.638857062	0.001	0.036	2.860760753472806	0.005841378329634677	0.013778099999999998	0	600
38	1744661337.1569905	0.638499666	0.001	0.033	2.8592127689245963	0.005839913117858293	0.0137382	0	600
39	1744661337.5593073	0.63806432	0.001	0.03	2.857327160576644	0.005838128946824788	0.013761900000000002	0	600
40	1744661337.9590077	0.638034637	0.001	0.027	2.857198594992965	0.005838007321961864	0.013711999999999998	0	600
41	1744661338.3633165	0.637832422	0.001	0.024	2.856322743849091	0.005837178837531233	0.0136815	0	600
42	1744661338.7650852	0.637595244	0.001	0.021	2.855295457927661	0.005836207292897222	0.013694600000000001	0	600
43	1744661339.1671653	0.637636237	0.001	0.019	2.8554730103641317	0.005836375196938419	0.013601199999999999	0	600
44	1744661339.5718215	0.637631573	0.001	0.016	2.855452809242874	0.005836356093267688	0.013769100000000001	0	600
45	1744661339.9715984	0.637374751	0.001	0.013	2.8543404395251373	0.005835304273583975	0.013586499999999998	0	600
46	1744661340.3752553	0.637014627	0.001	0.01	2.8527806392267587	0.005833829772987846	0.013482	0	600
47	1744661340.7759945	0.636907277	0.001	0.007	2.852315675597479	0.005833390325652016	0.0135427	0	600
48	1744661341.1784618	0.636754483	0.001	0.004	2.851653880974542	0.0058327649196687715	0.0133854	0	600
49	1744661341.582843	0.63638465	0.001	0.001	2.8500520282134083	0.005831251488134353	0.013129199999999999	0	600
50	1744661341.9840338	0.636375733	0.001	-0.001	2.8500134061297357	0.005831215003972039	0.0131301	0	600
51	1744661342.3870516	0.636341119	0.001	-0.004	2.8498634829712453	0.005831073382475167	0.0132164	0	600
52	1744661342.7907975	0.636293472	0.001	-0.007	2.849657110152947	0.005830878444067351	0.013054099999999999	0	600
53	1744661343.1909602	0.6360128	0.001	-0.01	2.8484414392469635	0.005829730293335083	0.013011100000000001	0	600
54	1744661343.5945127	0.636084446	0.001	-0.013	2.84875175861523	0.00583002335044315	0.012869399999999998	0	600
55	1744661343.996351	0.635434835	0.001	-0.016	2.8459381071184393	0.005827366883851781	0.0125411	0	600
56	1744661344.3979855	0.63537829	0.001	-0.019	2.845693194510916	0.0058271357244672455	0.012110699999999999	0	600
57	1744661344.8021908	0.635532876	0.001	-0.021	2.8463627507996527	0.0058277677084164585	0.012148800000000001	0	600
58	1744661345.204391	0.635443027	0.001	-0.024	2.8459735890192412	0.005827400374189414	0.012130499999999999	0	600
59	1744661345.6067154	0.635298939	0.001	-0.027	2.8453495025784794	0.005826811352000973	0.012196299999999998	0	600
60	1744661346.0102327	0.635316605	0.001	-0.03	2.8454260190896568	0.005826883565455051	0.0122357	0	600
61	1744661346.415081	0.635150578	0.001	-0.033	2.844706908549568	0.005826204939446735	0.012324900000000001	0	600
62	1744661346.8161926	0.635088502	0.001	-0.036	2.8444380395952016	0.005825951232551494	0.0122272	0	600
63	1744661347.2199492	0.634942294	0.001	-0.039	2.8438047708265963	0.005825353729411994	0.012093999999999999	0	600
64	1744661347.632791	0.635177487	0.001	-0.041	2.8448234591438886	0.005826314921791071	0.012164	0	600
65	1744661348.023073	0.63503479	0.001	-0.044	2.844205397522953	0.005825731720727553	0.0122362	0	600
66	1744661348.4241874	0.634637747	0.001	-0.047	2.842485690450197	0.005824109392815733	0.012141	0	600
67	1744661348.8261662	0.634445763	0.001	-0.05	2.841654152700744	0.005823325143168932	0.012063	0	600
68	1744661349.2308388	0.634417503	0.001	-0.053	2.841531750538066	0.005823209712922135	0.0120683	0	600
69	1744661349.6345909	0.634362721	0.001	-0.056	2.8412944739890285	0.005822985959557453	0.012042	0	600
70	1744661350.0347016	0.634148126	0.001	-0.059	2.8403650015155733	0.005822109564132882	0.0120277	0	600
71	1744661350.4364948	0.634320639	0.001	-0.061	2.841112204781321	0.00582281408576517	0.0120533	0	600
72	1744661350.8404408	0.634263045	0.001	-0.064	2.840862748654029	0.005822578867204186	0.012009899999999999	0	600
73	1744661351.2438283	0.633752599	0.001	-0.067	2.838651860673483	0.005820494682767684	0.0120423	0	600
74	1744661351.647086	0.633719913	0.001	-0.07	2.8385102882357867	0.005820361255441191	0.0121064	0	600
75	1744661352.0474572	0.633572915	0.001	-0.07	2.8378735977506735	0.005819761243041992	0.011982099999999999	0	600
76	1744661352.4504473	0.633649875	0.001	-0.067	2.8382069335765645	0.005820075366610577	0.0120233	0	600
77	1744661352.8523571	0.633896185	0.001	-0.064	2.8392737728083115	0.005821080859605271	0.011998700000000001	0	600
78	1744661353.2546592	0.633951287	0.001	-0.061	2.8395124353691	0.0058213058281114715	0.012003200000000002	0	600
79	1744661353.6586409	0.634154601	0.001	-0.059	2.8403930465970784	0.005822136005305781	0.012041600000000001	0	600
80	1744661354.0588167	0.633871613	0.001	-0.056	2.839167344431053	0.005820980541410054	0.0120272	0	600
81	1744661354.4631712	0.634170548	0.001	-0.053	2.840462117626385	0.005822201126776505	0.0119926	0	600
82	1744661354.86422	0.634394536	0.001	-0.05	2.841432273875992	0.0058231159044622866	0.0120119	0	600
83	1744661355.267569	0.634609361	0.001	-0.047	2.8423627425453923	0.005823993428449662	0.0119814	0	600
84	1744661355.6709783	0.634742395	0.001	-0.044	2.8429389509427625	0.005824536932612106	0.0121865	0	600
85	1744661356.074656	0.634991572	0.001	-0.041	2.844018207973533	0.005825555103574407	0.0120469	0	600
86	1744661356.4740465	0.635221514	0.001	-0.039	2.8450141527042643	0.005826494874319208	0.0120317	0	600
87	1744661356.878567	0.635121396	0.001	-0.036	2.844580512940535	0.005826085669826908	0.0121012	0	600
88	1744661357.2828164	0.635336391	0.001	-0.033	2.845511717928678	0.005826964446172067	0.0120048	0	600
89	1744661357.684317	0.635755674	0.001	-0.03	2.847327752818064	0.0058286787089361185	0.012080200000000001	0	600
90	1744661358.0838752	0.635670049	0.001	-0.027	2.846956886392753	0.00582832857526027	0.0121183	0	600
91	1744661358.4936302	0.635886365	0.001	-0.024	2.8478938130106513	0.0058292131747201895	0.012294399999999999	0	600
92	1744661358.890757	0.636162836	0.001	-0.021	2.8490912881811292	0.005830344013800866	0.0122501	0	600
93	1744661359.29256	0.636082175	0.001	-0.019	2.8487419222630908	0.005830014060981212	0.0122057	0	600
94	1744661359.6945562	0.635990853	0.001	-0.016	2.8483463804973423	0.005829640526114184	0.0122137	0	600
95	1744661360.098374	0.636523056	0.001	-0.013	2.850651504283033	0.005831817816545762	0.0123166	0	600
96	1744661360.500416	0.636760111	0.001	-0.01	2.8516782574561956	0.005832787954342301	0.012407399999999999	0	600
97	1744661360.9033606	0.636690615	0.001	-0.007	2.8513772503543753	0.00583250352412582	0.012515199999999999	0	600
98	1744661361.306117	0.636773679	0.001	-0.004	2.851737024354399	0.005832843486868321	0.0124686	0	600
99	1744661361.7081425	0.637208507	0.001	-0.001	2.8536203890958305	0.005834623542796928	0.012529299999999998	0	600
100	1744661362.1102748	0.636961879	0.001	0.001	2.852552172514907	0.005833613838963468	0.012589	0	600
101	1744661362.511839	0.636890249	0.001	0.004	2.852241922447228	0.005833320623694122	0.012586900000000002	0	600
102	1744661362.9150016	0.637304749	0.001	0.007	2.8540372407922368	0.005835017619596432	0.0126381	0	600
103	1744661363.3185945	0.637439907	0.001	0.01	2.854622648842598	0.0058355710991285425	0.0127173	0	600
104	1744661363.7201755	0.637383769	0.001	0.013	2.854379499068769	0.005835341203017904	0.012714300000000001	0	600
105	1744661364.1225479	0.637893398	0.001	0.016	2.856586848388066	0.005837428643816921	0.013063	0	600
106	1744661364.5262194	0.638194205	0.001	0.019	2.857889729752136	0.005838661181974983	0.013416800000000001	0	600
107	1744661364.9266193	0.638126722	0.001	0.021	2.8575974415304803	0.005838384646622611	0.013491199999999998	0	600
108	1744661365.3299694	0.63818372	0.001	0.024	2.8578443162108877	0.005838618214936519	0.013478099999999998	0	600
109	1744661365.7344933	0.638355675	0.001	0.027	2.8585891026186467	0.005839322927674031	0.013539599999999999	0	600
110	1744661366.1348193	0.638428586	0.001	0.03	2.8589049010646126	0.005839621766035372	0.013645899999999999	0	600
111	1744661366.53826	0.638432614	0.001	0.033	2.8589223474875167	0.005839638276040067	0.013769599999999998	0	600
112	1744661366.9401493	0.638740458	0.001	0.036	2.8602557081162283	0.005840900240004624	0.013619599999999999	0	600
113	1744661367.345011	0.638874781	0.001	0.039	2.860837499542179	0.005841450983758135	0.013658100000000001	0	600
114	1744661367.7485013	0.638707259	0.001	0.041	2.8601119137284456	0.005840764129142267	0.0136891	0	600
115	1744661368.1476195	0.638288826	0.001	0.044	2.858299560432771	0.0058390489520238655	0.0136587	0	600
116	1744661368.550373	0.638583446	0.001	0.047	2.8595756441259113	0.005840256549051988	0.013667499999999999	0	600
117	1744661368.9539564	0.638818159	0.001	0.05	2.8605922534255783	0.005841218817569719	0.0136571	0	600
118	1744661369.3584313	0.638791309	0.001	0.053	2.860475958377174	0.005841108728955282	0.013621200000000003	0	600
119	1744661369.7578056	0.638942564	0.001	0.056	2.8611310871498508	0.005841728928123097	0.013597699999999999	0	600
120	1744661370.1595821	0.639044178	0.001	0.059	2.861571206518511	0.005842145627051271	0.0136288	0	600
121	1744661370.5614464	0.638899653	0.001	0.061	2.8609452273054528	0.005841552969568878	0.013655500000000001	0	600
122	1744661370.965827	0.638931554	0.001	0.064	2.861083399683075	0.005841683780483678	0.0136788	0	600
123	1744661371.3677816	0.639251882	0.001	0.067	2.8624708320951857	0.005842997493762606	0.013641599999999999	0	600
124	1744661371.7697368	0.639470265	0.001	0.07	2.8634167114827327	0.005843893323347477	0.013666500000000002	0	600
