	t	Vhall	err_Vhall	I_fuente	B	err_B	Vdiodo	err_Vdiodo	frec_TTL
0	1744661657.814195	0.733153823	0.001	0.0	3.2691870620330565	0.006242769375546433	0.009762800000000002	0	600
1	1744661658.0410213	0.733069179	0.001	0.002	3.268820444600017	0.006242396699691702	0.0095996	0	600
2	1744661658.443644	0.733167328	0.001	0.004	3.269245556060196	0.006242828838120488	0.0095684	0	600
3	1744661658.8472362	0.733408913	0.001	0.007	3.270291929962196	0.006243892627276972	0.0096993	0	600
4	1744661659.2515652	0.733443865	0.001	0.009	3.270443317095597	0.0062440465480222435	0.009757199999999999	0	600
5	1744661659.6524155	0.733430597	0.001	0.011	3.27038584958341	0.006243988118318036	0.0097117	0	600
6	1744661660.0575955	0.733457042	0.001	0.013	3.270500390460693	0.006244104577485052	0.009755400000000001	0	600
7	1744661660.4613633	0.733463086	0.001	0.015	3.270526568757622	0.006244131194491319	0.009762700000000001	0	600
8	1744661660.8616357	0.733716927	0.001	0.017	3.27162602690965	0.0062452491735085726	0.0098183	0	600
9	1744661661.2631428	0.733898514	0.001	0.02	3.2724125322710855	0.006246049042428932	0.0099197	0	600
10	1744661661.6649349	0.733813806	0.001	0.022	3.272045637635696	0.0062456759019817775	0.0099172	0	600
11	1744661662.0721107	0.733800256	0.001	0.024	3.271986948700654	0.006245616215886528	0.009974899999999998	0	600
12	1744661662.4692261	0.734094554	0.001	0.026	3.2732616377194708	0.006246912682256715	0.0100154	0	600
13	1744661662.8717544	0.734281217	0.001	0.028	3.274070128692292	0.006247735115782152	0.0100286	0	600
14	1744661663.2753158	0.734226982	0.001	0.031	3.273835221357089	0.006247496147041701	0.0100418	0	600
15	1744661663.6769662	0.734323417	0.001	0.033	3.274252908991832	0.006247921062129273	0.0100355	0	600
16	1744661664.079713	0.734554089	0.001	0.035	3.275252015561868	0.006248937565861081	0.010104600000000002	0	600
17	1744661664.4832392	0.734650723	0.001	0.037	3.2756705651226676	0.006249363449240496	0.0100374	0	600
18	1744661664.8845599	0.734683297	0.001	0.039	3.2758116524562513	0.006249507014788119	0.009999199999999998	0	600
19	1744661665.2873833	0.734725064	0.001	0.042	3.2759925573086424	0.006249691101741406	0.0100335	0	600
20	1744661665.6913474	0.734631202	0.001	0.044	3.275586014074627	0.006249277414514262	0.0100224	0	600
21	1744661666.0923123	0.734870252	0.001	0.046	3.2766214081647944	0.006250331053257092	0.010030599999999999	0	600
22	1744661666.4955895	0.73490439	0.001	0.048	3.276769269630806	0.006250481533662626	0.010006300000000001	0	600
23	1744661666.8990598	0.734967772	0.001	0.05	3.277043795245627	0.0062507609306367284	0.009992099999999999	0	600
24	1744661667.299811	0.734942347	0.001	0.052	3.2769336722807982	0.006250648852184972	0.010094	0	600
25	1744661667.703977	0.734958139	0.001	0.052	3.2770020719606636	0.0062507184662389725	0.009992699999999998	0	600
26	1744661668.104956	0.734890356	0.001	0.05	3.276708484352992	0.006250419671341261	0.010002800000000001	0	600
27	1744661668.5075102	0.734925887	0.001	0.048	3.276862379301404	0.006250576294230431	0.0099356	0	600
28	1744661668.9116	0.734881072	0.001	0.046	3.2766682726870933	0.006250378747484756	0.009990100000000002	0	600
29	1744661669.3118672	0.734817626	0.001	0.044	3.2763934698699226	0.006250099084289746	0.0099579	0	600
30	1744661669.7155685	0.734551109	0.001	0.042	3.2752391083274452	0.0062489244328954585	0.009978699999999998	0	600
31	1744661670.1166341	0.734614864	0.001	0.04	3.2755152495122126	0.006249205409041947	0.009952800000000001	0	600
32	1744661670.5197732	0.73464077	0.001	0.037	3.2756274558259544	0.0062493195833362184	0.0099831	0	600
33	1744661670.9248538	0.734602088	0.001	0.035	3.2754599129930915	0.006249149102692988	0.0100854	0	600
34	1744661671.3250628	0.734395867	0.001	0.033	3.2745667107146206	0.006248240311415413	0.0099831	0	600
35	1744661671.727116	0.734359713	0.001	0.031	3.2744101173745834	0.006248080997734235	0.0100336	0	600
36	1744661672.1315167	0.734340944	0.001	0.029	3.274328823454155	0.00624799829306595	0.009936899999999999	0	600
37	1744661672.5336776	0.734214117	0.001	0.027	3.27377949935345	0.006247439462887325	0.009969700000000001	0	600
38	1744661672.9359653	0.734215948	0.001	0.025	3.273787429939432	0.006247447530381348	0.0099638	0	600
39	1744661673.3372874	0.734147824	0.001	0.022	3.2734923653629897	0.0062471473785525875	0.009935999999999999	0	600
40	1744661673.740424	0.734022986	0.001	0.02	3.272951656191568	0.006246597381792564	0.009897399999999999	0	600
41	1744661674.1432323	0.733976925	0.001	0.018	3.272752152794006	0.00624639446298195	0.0098999	0	600
42	1744661674.545151	0.73398316	0.001	0.016	3.2727791583666987	0.006246421930519091	0.0099245	0	600
43	1744661674.948132	0.733721783	0.001	0.014	3.271647059637957	0.006245270562362391	0.0098955	0	600
44	1744661675.3515098	0.733615245	0.001	0.012	3.2711856130134924	0.006244801318228818	0.009809599999999998	0	600
45	1744661675.7521112	0.733582663	0.001	0.01	3.271044491029615	0.006244657818136675	0.0097684	0	600
46	1744661676.1556313	0.733559781	0.001	0.007	3.270945382526912	0.006244557041351897	0.0098431	0	600
47	1744661676.5564718	0.733601803	0.001	0.005	3.271127391857416	0.006244742115589857	0.009781999999999999	0	600
48	1744661676.95972	0.733310605	0.001	0.003	3.2698661298274283	0.0062434597199474305	0.0097304	0	600
49	1744661677.3633256	0.733268056	0.001	0.001	3.2696818379088235	0.006243272360628644	0.0095777	0	600
50	1744661677.7651136	0.733229196	0.001	-0.001	3.269513524106925	0.006243101249956542	0.0096441	0	600
51	1744661678.167764	0.73322363	0.001	-0.003	3.269489416165047	0.006243076741771531	0.009570400000000001	0	600
52	1744661678.5712757	0.73296686	0.001	-0.005	3.2683772716742197	0.006241946230995363	0.0094207	0	600
53	1744661678.9727526	0.732807147	0.001	-0.007	3.2676855088784746	0.006241243140709864	0.0093884	0	600
54	1744661679.3751447	0.732850831	0.001	-0.01	3.2678747168075057	0.006241435439530076	0.0093477	0	600
55	1744661679.7772644	0.732844031	0.001	-0.012	3.2678452640578164	0.006241405505277813	0.009311999999999999	0	600
56	1744661680.1801014	0.732862743	0.001	-0.014	3.2679263110949015	0.006241487877620108	0.0092809	0	600
57	1744661680.5899332	0.732581463	0.001	-0.016	3.2667080067665926	0.00624024975840166	0.009116699999999998	0	600
58	1744661680.9879043	0.732386381	0.001	-0.018	3.2658630506908843	0.006239391194600624	0.0088605	0	600
59	1744661681.3888273	0.732492722	0.001	-0.02	3.2663236440518655	0.0062398591919549905	0.0088305	0	600
60	1744661681.7905228	0.732503763	0.001	-0.022	3.2663714657885294	0.006239907784303482	0.0088001	0	600
61	1744661682.1926842	0.73222034	0.001	-0.025	3.265143879512782	0.006238660528507063	0.0089127	0	600
62	1744661682.594344	0.732156626	0.001	-0.027	3.2648679159107696	0.006238380175291813	0.0089687	0	600
63	1744661682.998363	0.73210368	0.001	-0.029	3.2646385916041476	0.006238147212215083	0.008949799999999999	0	600
64	1744661683.40031	0.732077609	0.001	-0.031	3.2645256706280974	0.006238032502475666	0.008919400000000001	0	600
65	1744661683.8027723	0.732106494	0.001	-0.033	3.264650779844975	0.0062381595936460395	0.0089423	0	600
66	1744661684.2049243	0.731818384	0.001	-0.035	3.2634028928283754	0.006236892046433433	0.008853799999999998	0	600
67	1744661684.6077328	0.731710216	0.001	-0.037	3.2629343862065587	0.006236416220913605	0.0088554	0	600
68	1744661685.01102	0.731755119	0.001	-0.04	3.2631288739741002	0.006236613742790874	0.0088786	0	600
69	1744661685.4123363	0.731703377	0.001	-0.042	3.2629047645366875	0.006236386137645053	0.008809	0	600
70	1744661685.8152077	0.731731664	0.001	-0.044	3.263027283644107	0.0062365105668675345	0.0087911	0	600
71	1744661686.2191093	0.731434676	0.001	-0.046	3.2617409434640163	0.006235204288293728	0.008868599999999999	0	600
72	1744661686.6207225	0.731317455	0.001	-0.048	3.2612332257035335	0.006234688771514628	0.008802800000000001	0	600
73	1744661687.0238953	0.731315524	0.001	-0.05	3.261224861988879	0.006234680279660418	0.0087853	0	600
74	1744661687.4267192	0.731277186	0.001	-0.052	3.2610588091186474	0.006234511684959834	0.008773800000000002	0	600
75	1744661687.8280094	0.731489207	0.001	-0.052	3.261977132860088	0.0062354441194105315	0.008735099999999999	0	600
76	1744661688.2311022	0.731411734	0.001	-0.05	3.26164157508411	0.0062351033903745995	0.008851	0	600
77	1744661688.6327035	0.731385263	0.001	-0.048	3.261526921593372	0.006234986973970534	0.0088229	0	600
78	1744661689.0358362	0.731485908	0.001	-0.046	3.261962843945202	0.006235429609933964	0.0088422	0	600
79	1744661689.4394083	0.731592571	0.001	-0.044	3.2624248319805065	0.006235898745194102	0.008780300000000001	0	600
80	1744661689.8409054	0.731642102	0.001	-0.042	3.2626393649429835	0.0062361166083628305	0.008862399999999998	0	600
81	1744661690.2434995	0.731658497	0.001	-0.04	3.262710376388741	0.006236188723695304	0.0088351	0	600
82	1744661690.647438	0.73170519	0.001	-0.037	3.2629126171595093	0.006236394112623156	0.008884300000000001	0	600
83	1744661691.0518806	0.731743503	0.001	-0.035	3.263078561747573	0.006236562645105229	0.008832900000000001	0	600
84	1744661691.4633234	0.731904199	0.001	-0.033	3.2637745821981627	0.006237269566452883	0.0089191	0	600
85	1744661691.852924	0.732036694	0.001	-0.031	3.2643484560319918	0.006237852484634464	0.0089652	0	600
86	1744661692.2554536	0.732026363	0.001	-0.029	3.264303709508898	0.006237807031064055	0.0088366	0	600
87	1744661692.659578	0.732080773	0.001	-0.027	3.264539374819276	0.006238046423647441	0.0088288	0	600
88	1744661693.060437	0.732074847	0.001	-0.025	3.26451370761418	0.006238020350073274	0.0089453	0	600
89	1744661693.4629915	0.732274929	0.001	-0.022	3.265380320123483	0.006238900739441999	0.0088908	0	600
90	1744661693.8668556	0.732378593	0.001	-0.02	3.2658293186299168	0.006239356921590946	0.0089241	0	600
91	1744661694.268282	0.732337426	0.001	-0.018	3.2656510125495575	0.006239175759008505	0.008929699999999999	0	600
92	1744661694.6706483	0.732371166	0.001	-0.016	3.265797150163455	0.0062393242374146965	0.008926	0	600
93	1744661695.0749316	0.732618887	0.001	-0.014	3.266870100840763	0.006240414475579036	0.008995600000000001	0	600
94	1744661695.4752936	0.7326825	0.001	-0.012	3.267145626982816	0.006240694469780209	0.0090936	0	600
95	1744661695.878591	0.732734488	0.001	-0.01	3.267370801916761	0.00624092330497834	0.009093300000000002	0	600
96	1744661696.2834158	0.732698567	0.001	-0.007	3.26721521776653	0.006240765190938522	0.009045300000000001	0	600
97	1744661696.683397	0.732578048	0.001	-0.005	3.2666932154224475	0.006240234727897616	0.009151399999999999	0	600
98	1744661697.0868797	0.732893455	0.001	-0.003	3.2680593335726145	0.00624162307752328	0.0090979	0	600
99	1744661697.4886606	0.733022112	0.001	-0.001	3.2686165839280155	0.006242189479174662	0.0091906	0	600
100	1744661697.890594	0.733134022	0.001	0.001	3.2691012982247343	0.006242682192613162	0.009196	0	600
101	1744661698.2945073	0.733022756	0.001	0.003	3.2686193732766626	0.0062421923144514386	0.0090989	0	600
102	1744661698.6949577	0.733265898	0.001	0.005	3.269672490992084	0.0062432628582793775	0.0092101	0	600
103	1744661699.098016	0.733360471	0.001	0.007	3.270082113770956	0.006243679305461236	0.0093363	0	600
104	1744661699.4996853	0.733365283	0.001	0.01	3.2701029559226478	0.006243700495540851	0.0093495	0	600
105	1744661699.9028678	0.733280469	0.001	0.012	3.269735602170866	0.006243327019214046	0.0093291	0	600
106	1744661700.3067658	0.73338977	0.001	0.014	3.270209016140535	0.006243808327312123	0.0092397	0	600
107	1744661700.707698	0.73375366	0.001	0.016	3.2717851280646975	0.006245410970255372	0.009569000000000001	0	600
108	1744661701.110943	0.7338352	0.001	0.018	3.2721383011837615	0.006245770141021648	0.0098534	0	600
109	1744661701.5152981	0.733802462	0.001	0.02	3.271996503519156	0.006245625933010889	0.009819199999999998	0	600
110	1744661701.916403	0.733783766	0.001	0.022	3.271915525782658	0.006245543580167643	0.0097558	0	600
111	1744661702.3261468	0.734126571	0.001	0.025	3.2734003125263516	0.006247053741367856	0.009883	0	600
112	1744661702.7226443	0.734322871	0.001	0.027	3.2742505441092837	0.006247918656250272	0.0100115	0	600
113	1744661703.1231096	0.7342898	0.001	0.029	3.2741073041262005	0.006247772934736742	0.0099542	0	600
114	1744661703.5262673	0.734267941	0.001	0.031	3.274012626529811	0.006247676618655516	0.0099551	0	600
115	1744661703.928381	0.734170675	0.001	0.033	3.2735913395958045	0.006247248057717995	0.0098589	0	600
116	1744661704.3310149	0.734460477	0.001	0.035	3.2748465551495323	0.006248525026726301	0.0099235	0	600
117	1744661704.733909	0.734608937	0.001	0.037	3.2754895779758293	0.006249179287526604	0.0099318	0	600
118	1744661705.1362243	0.734492669	0.001	0.04	3.2749859879315895	0.006248666890933816	0.0099246	0	600
119	1744661705.5382633	0.734723869	0.001	0.042	3.2759873814210128	0.006249685834740282	0.009887499999999999	0	600
120	1744661705.9423525	0.734803549	0.001	0.044	3.2763324983467794	0.006250037035953329	0.0099036	0	600
121	1744661706.3436668	0.735068754	0.001	0.046	3.2774811772410817	0.006251206097795128	0.0098699	0	600
122	1744661706.7471952	0.735211241	0.001	0.048	3.278098329291806	0.0062518342849183645	0.0099177	0	600
123	1744661707.1476448	0.735180685	0.001	0.05	3.2779659824948215	0.006251699566737647	0.0098826	0	600
124	1744661707.5498457	0.735069153	0.001	0.052	3.277482905424482	0.006251207856797683	0.009852	0	600
