	t	Vhall	err_Vhall	I_fuente	B	err_B	Vdiodo	err_Vdiodo	frec_TTL
0	1744662523.1672466	0.734207202	0.001	0.0	3.273749548505788	0.006247408995076862	0.0070068000000000005	0	600
1	1744662523.3948143	0.734273413	0.001	0.002	3.2740363273307374	0.00624770072949137	0.0069488	0	600
2	1744662523.7964919	0.73435053	0.001	0.003	3.2743703431686426	0.006248040533172531	0.0070742	0	600
3	1744662524.1995237	0.734521695	0.001	0.005	3.2751117078598937	0.006248794805732539	0.006955599999999999	0	600
4	1744662524.6033869	0.734659853	0.001	0.006	3.275710109770412	0.006249403688184801	0.0071304	0	600
5	1744662525.0040407	0.734729752	0.001	0.008	3.2760128623807807	0.006249711764292787	0.007145	0	600
6	1744662525.4091136	0.734711222	0.001	0.009	3.2759326036378784	0.0062496300929320275	0.007107199999999999	0	600
7	1744662525.8128307	0.734748216	0.001	0.011	3.2760928352587593	0.006249793145744357	0.007126199999999999	0	600
8	1744662526.2127235	0.734693991	0.001	0.012	3.2758579712364235	0.006249554147831401	0.0071012	0	600
9	1744662526.6246681	0.734662073	0.001	0.014	3.275719725226928	0.0062494134724990266	0.0070836	0	600
10	1744662527.0168507	0.734514649	0.001	0.015	3.275081189613672	0.006248763754462243	0.007147200000000001	0	600
11	1744662527.4209785	0.734824318	0.001	0.017	3.2764224548406458	0.006250128581362589	0.0071338	0	600
12	1744662527.822761	0.735015684	0.001	0.019	3.277251315854906	0.006250972141328034	0.007219199999999999	0	600
13	1744662528.224495	0.734921862	0.001	0.02	3.2768449458723596	0.006250558551593345	0.007247399999999999	0	600
14	1744662528.6267602	0.734885523	0.001	0.022	3.2766875512442795	0.006250398367454248	0.007144600000000001	0	600
15	1744662529.0309405	0.734994079	0.001	0.023	3.277157738405343	0.006250876899085593	0.0071744	0	600
16	1744662529.4312193	0.735324648	0.001	0.025	3.2785895275247428	0.006252334307988578	0.0071059999999999995	0	600
17	1744662529.8350213	0.735356182	0.001	0.026	3.2787261103201386	0.00625247335121975	0.0071806000000000005	0	600
18	1744662530.239348	0.735433188	0.001	0.028	3.2790596453852188	0.006252812906730114	0.00722	0	600
19	1744662530.6398916	0.735509527	0.001	0.029	3.279390291482058	0.006253149538018348	0.0071934	0	600
20	1744662531.0431714	0.735406902	0.001	0.031	3.2789457931825243	0.006252696997524161	0.0073064	0	600
21	1744662531.4455423	0.735514158	0.001	0.032	3.279410349670853	0.006253169959831574	0.007252	0	600
22	1744662531.8476884	0.73537166	0.001	0.034	3.2787931499759746	0.0062525415995945445	0.007292	0	600
23	1744662532.2505388	0.735680961	0.001	0.036	3.280132821289436	0.006253905570015397	0.0072308	0	600
24	1744662532.652419	0.735763284	0.001	0.037	3.2804893858060007	0.006254268648446824	0.007297	0	600
25	1744662533.0550706	0.735726207	0.001	0.039	3.2803287946883217	0.006254105121143679	0.007217800000000001	0	600
26	1744662533.4560635	0.735764819	0.001	0.04	3.2804960343311143	0.006254275418616455	0.007205199999999999	0	600
27	1744662533.8594177	0.735770125	0.001	0.042	3.280519016138445	0.006254298820962004	0.0072868	0	600
28	1744662534.263034	0.735760476	0.001	0.043	3.2804772235528943	0.006254256263685045	0.007320199999999999	0	600
29	1744662534.664181	0.735756982	0.001	0.045	3.2804620900370978	0.006254240853333017	0.007302600000000001	0	600
30	1744662535.067256	0.735958411	0.001	0.046	3.2813345367896116	0.006255129317174618	0.007126	0	600
31	1744662535.4706466	0.736085038	0.001	0.048	3.2818829946329733	0.006255687903938264	0.007313600000000001	0	600
32	1744662535.8762107	0.736228191	0.001	0.049	3.2825030313206525	0.006256319447119065	0.0072608	0	600
33	1744662536.2767193	0.736060507	0.001	0.051	3.28177674383847	0.006255579687294266	0.0072702	0	600
34	1744662536.6797485	0.736069287	0.001	0.052	3.2818147725358626	0.006255618419398348	0.007251400000000001	0	600
35	1744662537.0797782	0.736113593	0.001	0.052	3.282006674525233	0.006255813874337268	0.007230800000000001	0	600
36	1744662537.4873052	0.736076709	0.001	0.051	3.281846919345891	0.006255651160992662	0.0072546	0	600
37	1744662537.8851118	0.736115356	0.001	0.049	3.2820143105837185	0.006255821651889812	0.0072394	0	600
38	1744662538.287882	0.736107643	0.001	0.048	3.281980903369255	0.006255787625715007	0.0072726	0	600
39	1744662538.6908388	0.736006438	0.001	0.046	3.2815425554968627	0.006255341172130818	0.0072204	0	600
40	1744662539.0923536	0.735821887	0.001	0.045	3.2807432122015916	0.0062545271237912595	0.0072510000000000005	0	600
41	1744662539.49532	0.735761367	0.001	0.043	3.2804810827293607	0.006254260193462762	0.007135600000000001	0	600
42	1744662539.8987107	0.735728944	0.001	0.042	3.2803406494200718	0.006254117192487182	0.0071992	0	600
43	1744662540.3001125	0.735813402	0.001	0.04	3.2807064612337817	0.006254489699099127	0.0072406	0	600
44	1744662540.702451	0.735843851	0.001	0.039	3.2808383445830875	0.006254624001118331	0.007304	0	600
45	1744662541.1045299	0.735774171	0.001	0.037	3.28053654052451	0.006254316666076895	0.0071894	0	600
46	1744662541.5082757	0.73582605	0.001	0.036	3.280761243348203	0.006254545485563511	0.007267	0	600
47	1744662541.9105477	0.73556647	0.001	0.034	3.279636927941695	0.006253400649919382	0.0072948	0	600
48	1744662542.3125908	0.735469275	0.001	0.033	3.279215948529046	0.006252972037099769	0.007205199999999999	0	600
49	1744662542.7148921	0.73549864	0.001	0.031	3.2793431367635484	0.006253101528700337	0.0072246	0	600
50	1744662543.1191945	0.735531126	0.001	0.03	3.2794838429439004	0.006253244785954576	0.007334599999999999	0	600
51	1744662543.5203338	0.735555404	0.001	0.028	3.2795889979228634	0.0062533518494346015	0.007325	0	600
52	1744662543.922825	0.735594866	0.001	0.027	3.279759919159367	0.006253525876419939	0.00723	0	600
53	1744662544.3275008	0.735562396	0.001	0.025	3.279619282279602	0.006253382683750055	0.00723	0	600
54	1744662544.727538	0.735228605	0.001	0.024	3.2781735377543937	0.006251910842164025	0.007215000000000001	0	600
55	1744662545.1310346	0.735127837	0.001	0.022	3.2777370826542973	0.006251466571844743	0.0072576	0	600
56	1744662545.5331123	0.735228808	0.001	0.021	3.278174417005598	0.006251911737188805	0.007246	0	600
57	1744662545.9371822	0.735297485	0.001	0.019	3.278471876783596	0.00625221454015967	0.0072158	0	600
58	1744662546.340742	0.735247011	0.001	0.017	3.278253259417743	0.00625199199450038	0.0071754	0	600
59	1744662546.7404077	0.735235243	0.001	0.016	3.2782022888356344	0.006251940109095079	0.0072744	0	600
60	1744662547.1432688	0.735013229	0.001	0.014	3.277240682546011	0.006250961318778981	0.0072342000000000005	0	600
61	1744662547.5469673	0.734878414	0.001	0.013	3.2766567601269943	0.006250367031071053	0.0070954	0	600
62	1744662547.9486732	0.734842271	0.001	0.011	3.276500214431111	0.006250207715437168	0.0070508	0	600
63	1744662548.350653	0.734757969	0.001	0.01	3.2761350782981293	0.006249836133214063	0.007117	0	600
64	1744662548.752738	0.734751441	0.001	0.008	3.276106803658428	0.006249807360272509	0.0070446	0	600
65	1744662549.1547422	0.734801781	0.001	0.007	3.276324840631861	0.006250029243036589	0.0070532	0	600
66	1744662549.5585384	0.734904942	0.001	0.005	3.2767716605010753	0.0062504839669079324	0.0071618	0	600
67	1744662549.9604652	0.734643865	0.001	0.004	3.275640861158349	0.006249333223913769	0.0069922	0	600
68	1744662550.3636937	0.734451642	0.001	0.002	3.2748082882313705	0.006248486093034706	0.0068372	0	600
69	1744662550.7667036	0.734507867	0.001	0.001	3.2750518148271444	0.006248733866758621	0.006870199999999998	0	600
70	1744662551.1684506	0.7344689	0.001	-0.001	3.2748830375775664	0.006248562145044523	0.0069964	0	600
71	1744662551.5705135	0.734438009	0.001	-0.002	3.274749239799531	0.006248426016169503	0.006900000000000001	0	600
72	1744662551.9743996	0.734491234	0.001	-0.004	3.274979772535148	0.006248660567089622	0.0069454	0	600
73	1744662552.3751218	0.734219029	0.001	-0.005	3.273800774633813	0.006247461105471015	0.0070837999999999995	0	600
74	1744662552.7788858	0.734150804	0.001	-0.007	3.273505272597412	0.006247160508041666	0.006759800000000001	0	600
75	1744662553.182816	0.734099971	0.001	-0.008	3.2732851002996273	0.006246936548032046	0.0068114	0	600
76	1744662553.583192	0.734162296	0.001	-0.01	3.2735550477443867	0.00624721114052678	0.0067821999999999995	0	600
77	1744662553.9861388	0.734175135	0.001	-0.011	3.273610657134571	0.0062472677081974156	0.006772200000000001	0	600
78	1744662554.3872705	0.734026357	0.001	-0.013	3.2729662569590974	0.0062466122327602	0.0067868	0	600
79	1744662554.7899282	0.734120583	0.001	-0.014	3.2733743767814785	0.006247027359471394	0.0067220000000000005	0	600
80	1744662555.1940415	0.733729359	0.001	-0.016	3.27167987346614	0.006245303931929717	0.006685399999999999	0	600
81	1744662555.5955434	0.733605177	0.001	-0.017	3.271142005618806	0.006244756975658476	0.0064269999999999996	0	600
82	1744662556.0056887	0.733766839	0.001	-0.019	3.271842210092366	0.006245469020355275	0.0064154	0	600
83	1744662556.4025352	0.73376099	0.001	-0.021	3.271816876396347	0.006245443256954971	0.0064724000000000005	0	600
84	1744662556.8040245	0.73380364	0.001	-0.022	3.272001605774911	0.0062456311219434525	0.0064004000000000005	0	600
85	1744662557.2066731	0.733684955	0.001	-0.024	3.271487547010671	0.006245108350577599	0.0063604	0	600
86	1744662557.6082025	0.733471321	0.001	-0.025	3.270562236903753	0.006244167460552949	0.006411599999999999	0	600
87	1744662558.0109875	0.733364436	0.001	-0.027	3.2700992873227968	0.006243696765694455	0.0064288	0	600
88	1744662558.4143765	0.733420622	0.001	-0.028	3.2703426449983883	0.006243944190684526	0.006369200000000001	0	600
89	1744662558.816349	0.733415527	0.001	-0.03	3.2703205770925554	0.0062439217535734705	0.006399400000000001	0	600
90	1744662559.2186446	0.733372093	0.001	-0.031	3.2701324519852037	0.006243730484109883	0.006446	0	600
91	1744662559.6227806	0.733324004	0.001	-0.033	3.2699241647381756	0.006243518721892261	0.006423	0	600
92	1744662560.0230126	0.733268278	0.001	-0.034	3.2696827994544755	0.006243273338164878	0.006489	0	600
93	1744662560.426305	0.733052299	0.001	-0.036	3.268747332480201	0.006242322381865774	0.006398999999999999	0	600
94	1744662560.8287446	0.733009445	0.001	-0.037	3.2685617195191465	0.0062421337116382895	0.006479399999999999	0	600
95	1744662561.231028	0.732919296	0.001	-0.039	3.2681712583527194	0.0062417368365040105	0.0064472	0	600
96	1744662561.6345909	0.732891292	0.001	-0.04	3.2680499649994412	0.006241613555507709	0.0064928	0	600
97	1744662562.0361571	0.73294645	0.001	-0.042	3.268288870112286	0.006241856377748996	0.0064399999999999995	0	600
98	1744662562.439211	0.732877651	0.001	-0.043	3.267990881917308	0.006241553505051006	0.0063663999999999995	0	600
99	1744662562.8402083	0.732775185	0.001	-0.045	3.267547072292363	0.006241102446139192	0.0063724	0	600
100	1744662563.2435274	0.73265173	0.001	-0.046	3.2670123532904736	0.006240559033393172	0.0064215999999999995	0	600
101	1744662563.646657	0.732408679	0.001	-0.048	3.2659596297221434	0.006239489323408807	0.0063622	0	600
102	1744662564.0479772	0.732383092	0.001	-0.049	3.2658488050888654	0.00623937672052561	0.0063652	0	600
103	1744662564.4514508	0.73241386	0.001	-0.051	3.2659820701186346	0.006239512124106889	0.0063732	0	600
104	1744662564.8546364	0.732436569	0.001	-0.052	3.2660804293087353	0.006239612063465779	0.0065026	0	600
105	1744662565.256074	0.732404459	0.001	-0.052	3.2659413516921894	0.006239470751965575	0.0063760000000000015	0	600
106	1744662565.6582417	0.732416711	0.001	-0.051	3.265994418617071	0.006239524670905295	0.006348999999999999	0	600
107	1744662566.0629544	0.732401284	0.001	-0.049	3.265927599856857	0.006239456779409094	0.0063778	0	600
108	1744662566.4663749	0.732384235	0.001	-0.048	3.2658537557495855	0.006239381750582169	0.0064012	0	600
109	1744662566.878667	0.73230558	0.001	-0.046	3.2655130783927055	0.006239035618494016	0.006433599999999999	0	600
110	1744662567.2682106	0.732640729	0.001	-0.045	3.2669647048052783	0.006240510612360707	0.0063874	0	600
111	1744662567.6708684	0.732751439	0.001	-0.043	3.2674442215579345	0.006240997919766737	0.0063888	0	600
112	1744662568.0740507	0.732758717	0.001	-0.042	3.2674757446626748	0.006241029956270077	0.006408799999999999	0	600
113	1744662568.4757507	0.732829384	0.001	-0.04	3.267781823701244	0.0062413410282346786	0.0064702	0	600
114	1744662568.878987	0.732767102	0.001	-0.039	3.2675120625018135	0.006241066865787488	0.0063996	0	600
115	1744662569.281981	0.732769858	0.001	-0.037	3.267523999528011	0.006241078997332346	0.0062934	0	600
116	1744662569.6838868	0.732837762	0.001	-0.036	3.267818111221375	0.006241377908657367	0.006404599999999999	0	600
117	1744662570.0861893	0.733036743	0.001	-0.034	3.2686799549840004	0.006242253893966075	0.006428399999999999	0	600
118	1744662570.4903197	0.733014625	0.001	-0.033	3.268584155584351	0.006242156516969137	0.0064636	0	600
119	1744662570.8909092	0.733034855	0.001	-0.031	3.268671777514675	0.0062422455817771096	0.006396799999999999	0	600
120	1744662571.2938666	0.733122897	0.001	-0.03	3.2690531126599858	0.006242633210225728	0.0064084	0	600
121	1744662571.6954627	0.733151215	0.001	-0.028	3.2691757660372938	0.006242757892571965	0.0064472	0	600
122	1744662572.0982213	0.733118636	0.001	-0.027	3.2690346570472766	0.00624261444951605	0.006379600000000001	0	600
123	1744662572.5023298	0.733090822	0.001	-0.025	3.268914186638475	0.006242491988857466	0.0063696000000000004	0	600
124	1744662572.9027877	0.733333672	0.001	-0.024	3.2699660396181747	0.006243561294855473	0.006447800000000001	0	600
125	1744662573.3065615	0.73331904	0.001	-0.022	3.2699026642309033	0.006243496863061946	0.0064888	0	600
126	1744662573.710112	0.733448286	0.001	-0.021	3.2704624657141816	0.006244066017363966	0.006399400000000001	0	600
127	1744662574.1116726	0.733350581	0.001	-0.019	3.2700392773453055	0.00624363575415757	0.006448	0	600
128	1744662574.513441	0.733451663	0.001	-0.017	3.2704770924694313	0.0062440808891431375	0.0064210000000000005	0	600
129	1744662574.9157097	0.733448164	0.001	-0.016	3.270461937297202	0.00624406548009569	0.0065262	0	600
130	1744662575.318806	0.733697944	0.001	-0.014	3.2715438060938635	0.006245165561187889	0.0064414	0	600
131	1744662575.7218754	0.733736118	0.001	-0.013	3.2717091486330734	0.006245333703044907	0.0065372	0	600
132	1744662576.1227815	0.733839474	0.001	-0.011	3.2721568131031984	0.0062457889678448186	0.0065748000000000004	0	600
133	1744662576.5300741	0.733769646	0.001	-0.01	3.271854368014187	0.006245481384532137	0.006550599999999999	0	600
134	1744662576.931809	0.733857877	0.001	-0.008	3.272236521772687	0.006245870033031865	0.006566	0	600
135	1744662577.3316195	0.733753808	0.001	-0.007	3.271785769095132	0.006245411622154452	0.006500000000000001	0	600
136	1744662577.7412534	0.733721651	0.001	-0.005	3.27164648790811	0.006245269980951129	0.0065108	0	600
137	1744662578.135246	0.733967307	0.001	-0.004	3.272710494478343	0.006246352092268869	0.006511	0	600
138	1744662578.5381148	0.734082949	0.001	-0.002	3.273211373137097	0.006246861554183223	0.006594600000000001	0	600
139	1744662578.9418623	0.734128131	0.001	-0.001	3.273407069333633	0.006247060614424053	0.006601	0	600
140	1744662579.3436875	0.734174605	0.001	0.001	3.27360836155261	0.006247265373047745	0.006592200000000001	0	600
141	1744662579.7471178	0.734209646	0.001	0.002	3.273760134170529	0.006247419763438316	0.0067096000000000005	0	600
142	1744662580.1496294	0.73417894	0.001	0.004	3.2736271376805366	0.006247284472833546	0.0067908	0	600
143	1744662580.551892	0.734470426	0.001	0.005	3.2748896471210993	0.00624856886981462	0.0065866	0	600
144	1744662580.9539666	0.73460471	0.001	0.007	3.2754712696268684	0.006249160658325053	0.006737600000000001	0	600
145	1744662581.3554068	0.734552393	0.001	0.008	3.2752446696995925	0.00624893009152582	0.0067206	0	600
146	1744662581.7588425	0.734569034	0.001	0.01	3.2753167466418827	0.006249003429393097	0.006672800000000001	0	600
147	1744662582.1613402	0.734567687	0.001	0.011	3.2753109123986723	0.006248997493054965	0.0066451999999999995	0	600
148	1744662582.5630739	0.734599449	0.001	0.013	3.2754484827274397	0.0062491374721588945	0.0066944000000000005	0	600
149	1744662582.96577	0.734683355	0.001	0.014	3.2758119036708813	0.006249507270418096	0.006542000000000001	0	600
150	1744662583.36959	0.734748131	0.001	0.016	3.2760924670993883	0.006249792771098286	0.006661200000000001	0	600
151	1744662583.7717326	0.734976515	0.001	0.017	3.2770816636854114	0.006250799471949424	0.006909	0	600
152	1744662584.1743443	0.734940275	0.001	0.019	3.2769246978547164	0.0062506397184795845	0.0071162000000000005	0	600
153	1744662584.5778558	0.734968419	0.001	0.021	3.2770465975881344	0.0062507637827656495	0.0069456000000000006	0	600
154	1744662584.9787753	0.735040245	0.001	0.022	3.2773576965880107	0.006251080416269022	0.006955600000000001	0	600
155	1744662585.3812354	0.735033544	0.001	0.024	3.277328672635707	0.0062510508753454	0.0069933999999999994	0	600
156	1744662585.7859263	0.735369959	0.001	0.025	3.2787857824572657	0.006252534099206314	0.007026599999999999	0	600
157	1744662586.185381	0.73542425	0.001	0.027	3.2790209323445247	0.006252773494025071	0.0071006	0	600
158	1744662586.5891368	0.735430562	0.001	0.028	3.2790482714262947	0.006252801327184663	0.007006	0	600
159	1744662586.9962926	0.735444113	0.001	0.03	3.2791069646926236	0.006252861081556873	0.007013999999999999	0	600
160	1744662587.3954864	0.735352551	0.001	0.031	3.278710383418062	0.0062524573408631896	0.0070186	0	600
161	1744662587.7977643	0.735349204	0.001	0.033	3.278695886601414	0.006252442582796264	0.0070128	0	600
162	1744662588.199083	0.735380553	0.001	0.034	3.278831668108767	0.0062525808125186095	0.0071186	0	600
163	1744662588.6063237	0.735718303	0.001	0.036	3.280294560198095	0.0062540702612360975	0.0070961999999999996	0	600
164	1744662589.004859	0.735715301	0.001	0.037	3.280281557675365	0.006254057021222264	0.0070534	0	600
165	1744662589.4079406	0.735858497	0.001	0.039	3.2809017806083727	0.006254688601478592	0.0072546	0	600
166	1744662589.8092446	0.735822289	0.001	0.04	3.280744953378853	0.006254528896893198	0.0071604	0	600
167	1744662590.2108064	0.735785924	0.001	0.042	3.280587446137318	0.006254368503624769	0.007137	0	600
168	1744662590.6139228	0.735765171	0.001	0.043	3.2804975589440395	0.006254276971125368	0.007264799999999999	0	600
169	1744662591.0172403	0.73585658	0.001	0.045	3.2808934775317327	0.006254680145968153	0.007217399999999999	0	600
170	1744662591.418769	0.736002	0.001	0.046	3.281523333246404	0.006255321595107742	0.007035	0	600
171	1744662591.8211524	0.736112924	0.001	0.048	3.2820037768944177	0.006255810923016496	0.007088599999999999	0	600
172	1744662592.2255573	0.736104392	0.001	0.049	3.281966822356132	0.006255773283863833	0.0071732	0	600
173	1744662592.6256964	0.736137223	0.001	0.051	3.2821090228304017	0.006255918119872898	0.007017	0	600
174	1744662593.0297754	0.735999147	0.001	0.052	3.281510976085395	0.006255309009908603	0.0070536	0	600
