	t	Vhall	err_Vhall	I_fuente	B	err_B	Vdiodo	err_Vdiodo	frec_TTL
0	1744662043.825039	0.733862856	0.001	0.0	3.272258087249261	0.006245891965687869	0.008469800000000001	0	600
1	1744662044.0511458	0.733808074	0.001	0.002	3.272020810700223	0.006245650653156888	0.0083814	0	600
2	1744662044.4540002	0.733834021	0.001	0.004	3.2721331945967194	0.00624576494757646	0.0083635	0	600
3	1744662044.855913	0.734189478	0.001	0.007	3.273672780779981	0.006247330902943321	0.0084041	0	600
4	1744662045.2587981	0.734191762	0.001	0.009	3.2736826734388473	0.006247340966220722	0.008478900000000001	0	600
5	1744662045.6621764	0.734165541	0.001	0.011	3.2735691027697893	0.006247225437708246	0.008521800000000001	0	600
6	1744662046.0626717	0.734146683	0.001	0.013	3.273487423364843	0.006247142351463069	0.0084963	0	600
7	1744662046.4664307	0.734232136	0.001	0.015	3.2738575448088385	0.006247518856086413	0.0085164	0	600
8	1744662046.8698237	0.734499305	0.001	0.017	3.2750147303502564	0.0062486961349346596	0.0085655	0	600
9	1744662047.2717257	0.734504541	0.001	0.02	3.2750374089675165	0.006248719209404954	0.008653999999999998	0	600
10	1744662047.6751082	0.734491193	0.001	0.022	3.274979594952392	0.0062486603864084465	0.0086229	0	600
11	1744662048.0755446	0.734532902	0.001	0.024	3.275160248590153	0.0062488441945588525	0.008614300000000002	0	600
12	1744662048.4823956	0.734820904	0.001	0.026	3.276407667827787	0.006250113533078832	0.0086152	0	600
13	1744662048.8850358	0.734878976	0.001	0.028	3.2766591943101306	0.006250369508354716	0.0086754	0	600
14	1744662049.293668	0.734924168	0.001	0.031	3.276854933819534	0.006250568716686034	0.0086588	0	600
15	1744662049.6868813	0.734970253	0.001	0.033	3.277054541167977	0.006250771867477697	0.008681600000000001	0	600
16	1744662050.0902956	0.73538227	0.001	0.035	3.2788391049280627	0.006252588383509774	0.0087053	0	600
17	1744662050.4917176	0.735428812	0.001	0.037	3.2790406916745365	0.006252793610438464	0.0087117	0	600
18	1744662050.8946145	0.735317153	0.001	0.039	3.2785570645307844	0.006252301260620559	0.0086992	0	600
19	1744662051.2980769	0.735323925	0.001	0.042	3.278586396004445	0.006252331120089973	0.0087011	0	600
20	1744662051.6988654	0.735329772	0.001	0.044	3.2786117210378913	0.006252356901105757	0.0086863	0	600
21	1744662052.1019905	0.735616728	0.001	0.046	3.279854609749617	0.006253622289533206	0.008701200000000003	0	600
22	1744662052.505988	0.735694624	0.001	0.048	3.280191999659877	0.006253965828135583	0.008713099999999998	0	600
23	1744662052.9069216	0.735661667	0.001	0.05	3.2800492534434804	0.0062538204783342205	0.008660999999999999	0	600
24	1744662053.3096251	0.735694355	0.001	0.052	3.28019083454375	0.00625396464175592	0.0087089	0	600
25	1744662053.714257	0.735626354	0.001	0.052	3.2798963027155734	0.006253664741376005	0.008710599999999999	0	600
26	1744662054.1145759	0.735692336	0.001	0.05	3.2801820896758636	0.006253955737299612	0.008714099999999999	0	600
27	1744662054.51783	0.735688149	0.001	0.048	3.280163954578372	0.006253937271285302	0.008694899999999998	0	600
28	1744662054.9224138	0.735637724	0.001	0.046	3.2799455494455683	0.00625371488481746	0.0087273	0	600
29	1744662055.3226004	0.735451207	0.001	0.044	3.279137690840608	0.006252892363409165	0.0087202	0	600
30	1744662055.7258048	0.735418312	0.001	0.042	3.2789952131639875	0.006252747310146893	0.0086769	0	600
31	1744662056.1263733	0.735371366	0.001	0.04	3.2787918765776793	0.00625254030323055	0.008720000000000002	0	600
32	1744662056.5310965	0.735402027	0.001	0.037	3.2789246781597696	0.0062526755012289326	0.0088087	0	600
33	1744662056.9337897	0.735441426	0.001	0.035	3.2790953265252094	0.006252849232942824	0.0086632	0	600
34	1744662057.3342128	0.735089697	0.001	0.033	3.2775718873788366	0.006251298426212231	0.008665799999999998	0	600
35	1744662057.7381294	0.7350926	0.001	0.031	3.2775844611041816	0.0062513112243542624	0.0087868	0	600
36	1744662058.1419065	0.73514468	0.001	0.029	3.2778100345165053	0.006251540827951013	0.008656899999999999	0	600
37	1744662058.54167	0.735193396	0.001	0.027	3.278021037480306	0.006251755607868293	0.00872	0	600
38	1744662058.9475486	0.735208438	0.001	0.025	3.278086188695133	0.00625182192667473	0.0086622	0	600
39	1744662059.3470268	0.734837223	0.001	0.022	3.2764783500957537	0.006250185464532118	0.0086427	0	600
40	1744662059.749819	0.734676437	0.001	0.02	3.275781939829359	0.0062494767800008	0.008587100000000002	0	600
41	1744662060.158544	0.734768807	0.001	0.018	3.2761820207835894	0.006249883903268621	0.0086037	0	600
42	1744662060.5551126	0.734755822	0.001	0.016	3.276125779025544	0.006249826670040924	0.0086215	0	600
43	1744662060.9581273	0.734597451	0.001	0.014	3.2754398288165754	0.006249128666637192	0.0085891	0	600
44	1744662061.3598828	0.7345049	0.001	0.012	3.275038963899449	0.006248720791480975	0.008537199999999998	0	600
45	1744662061.7623277	0.734446324	0.001	0.01	3.274785254448599	0.006248462658013733	0.0083843	0	600
46	1744662062.1658945	0.734409131	0.001	0.007	3.274624160901661	0.006248298760575718	0.0084999	0	600
47	1744662062.5676324	0.734303877	0.001	0.005	3.2741682756493433	0.00624783496216122	0.0084797	0	600
48	1744662062.9696016	0.734072923	0.001	0.003	3.273167947656453	0.006246817383013688	0.008402800000000002	0	600
49	1744662063.373729	0.733894225	0.001	0.001	3.272393955382348	0.006246030148798096	0.008275	0	600
50	1744662063.7745314	0.73399251	0.001	-0.001	3.272819655897521	0.0062464631210222875	0.0083138	0	600
51	1744662064.177969	0.733929842	0.001	-0.003	3.2725482228214173	0.006246187048163463	0.0083159	0	600
52	1744662064.5823224	0.733599297	0.001	-0.005	3.271116537652899	0.006244731078464804	0.008170400000000001	0	600
53	1744662064.9821815	0.733480286	0.001	-0.007	3.2706010668891885	0.006244206941680162	0.008070999999999998	0	600
54	1744662065.3862329	0.733483394	0.001	-0.01	3.2706145285283106	0.006244220629112492	0.0080964	0	600
55	1744662065.7875376	0.733453259	0.001	-0.012	3.270484005203035	0.0062440879176887095	0.008082800000000001	0	600
56	1744662066.189551	0.733459487	0.001	-0.014	3.2705109804567205	0.006244115344940918	0.0080773	0	600
57	1744662066.5937934	0.733200468	0.001	-0.016	3.2693890949020625	0.006242974755926852	0.007904499999999998	0	600
58	1744662066.9940534	0.733150902	0.001	-0.018	3.2691744103445504	0.006242756514440234	0.0076714	0	600
59	1744662067.397117	0.733108988	0.001	-0.02	3.268992868793012	0.0062425719706383775	0.007636700000000001	0	600
60	1744662067.7998817	0.733224264	0.001	-0.022	3.2694921622008266	0.006243079533392813	0.007630200000000001	0	600
61	1744662068.201951	0.732898238	0.001	-0.025	3.268080050116991	0.006241644133420061	0.0077234	0	600
62	1744662068.605729	0.732716636	0.001	-0.027	3.2672934797862547	0.006240844725076436	0.0077488	0	600
63	1744662069.0107603	0.732763557	0.001	-0.029	3.2674967080903947	0.0062410512612021555	0.007768	0	600
64	1744662069.4115312	0.732798558	0.001	-0.031	3.267648307456845	0.006241205332219193	0.007809099999999999	0	600
65	1744662069.813761	0.732786377	0.001	-0.033	3.267595548053322	0.006241151712231829	0.007722700000000001	0	600
66	1744662070.2151163	0.73251618	0.001	-0.035	3.2664252473757185	0.0062399624329640265	0.0077344	0	600
67	1744662070.6171544	0.732385515	0.001	-0.037	3.265859299796586	0.006239387383545901	0.007686899999999999	0	600
68	1744662071.0219684	0.732442294	0.001	-0.04	3.2661052259252017	0.006239637258683459	0.007697999999999999	0	600
69	1744662071.4228914	0.732409628	0.001	-0.042	3.2659637401132398	0.0062394934997902505	0.0076805	0	600
70	1744662071.825359	0.732404379	0.001	-0.044	3.2659410051892523	0.0062394703999008	0.007709199999999999	0	600
71	1744662072.229939	0.732135976	0.001	-0.046	3.2647784748400235	0.0062382893140587115	0.007648600000000001	0	600
72	1744662072.630274	0.732030362	0.001	-0.048	3.264321030324487	0.0062378246255319495	0.0076676999999999995	0	600
73	1744662073.033435	0.732160619	0.001	-0.05	3.264885210738638	0.006238397744873242	0.0077041	0	600
74	1744662073.435556	0.732109565	0.001	-0.052	3.264664081226489	0.006238173105887822	0.007652000000000001	0	600
75	1744662073.8373334	0.732022841	0.001	-0.052	3.264288454717074	0.0062377915352996235	0.0076194	0	600
76	1744662074.241661	0.732165529	0.001	-0.05	3.2649064773564285	0.006238419349405789	0.007735700000000001	0	600
77	1744662074.642952	0.732153061	0.001	-0.048	3.2648524748736167	0.0062383644889904225	0.0076612999999999985	0	600
78	1744662075.0451818	0.732002013	0.001	-0.046	3.264198242677291	0.006237699898960849	0.0076505	0	600
79	1744662075.447379	0.732283428	0.001	-0.044	3.2654171317293073	0.006238938138831248	0.0076581999999999996	0	600
80	1744662075.8504665	0.732454943	0.001	-0.042	3.26616001237091	0.00623969292614909	0.007775300000000001	0	600
81	1744662076.2534642	0.732460844	0.001	-0.04	3.266185571293838	0.0062397188962436	0.007713600000000001	0	600
82	1744662076.6556513	0.732417755	0.001	-0.037	3.265998940480405	0.0062395292653894645	0.0076696	0	600
83	1744662077.0572176	0.732443334	0.001	-0.035	3.266109730463389	0.006239641835641517	0.007656700000000001	0	600
84	1744662077.4612951	0.732675433	0.001	-0.033	3.2671150177795734	0.006240663363623924	0.007707900000000001	0	600
85	1744662077.8619306	0.732709263	0.001	-0.031	3.267261545209276	0.006240812271301071	0.0076892	0	600
86	1744662078.2650115	0.732664135	0.001	-0.029	3.2670660829022227	0.00624061363456983	0.0077510999999999995	0	600
87	1744662078.6766176	0.732612738	0.001	-0.027	3.2668434677587284	0.00624038741122536	0.007685699999999999	0	600
88	1744662079.0719733	0.732701269	0.001	-0.025	3.2672269209032443	0.00624077708424483	0.0076735	0	600
89	1744662079.4752672	0.732899374	0.001	-0.022	3.268084970458704	0.006241649134370386	0.0077105	0	600
90	1744662079.8776038	0.73309048	0.001	-0.02	3.2689127053384173	0.0062424904830993295	0.0077734	0	600
91	1744662080.277552	0.733103614	0.001	-0.018	3.2689695924581845	0.006242548309738802	0.0077696	0	600
92	1744662080.6817896	0.733037426	0.001	-0.016	3.26868291325283	0.0062422569009734225	0.007741499999999998	0	600
93	1744662081.0830529	0.733311985	0.001	-0.014	3.269872107003101	0.00624346579669657	0.007826200000000002	0	600
94	1744662081.4852648	0.733470249	0.001	-0.012	3.2705575937643903	0.006244162739568165	0.0078879	0	600
95	1744662081.8896363	0.733422399	0.001	-0.01	3.2703503416948876	0.006243952016167648	0.0079289	0	600
96	1744662082.2900252	0.733500381	0.001	-0.007	3.270688104095806	0.006244295439263819	0.0078294	0	600
97	1744662082.694055	0.733418576	0.001	-0.005	3.2703337831857615	0.006243935180601056	0.007833399999999999	0	600
98	1744662083.0968437	0.733643593	0.001	-0.003	3.2713083963294016	0.00624492617312227	0.007952000000000002	0	600
99	1744662083.4981508	0.733734042	0.001	-0.001	3.271700156881845	0.006245324558951062	0.007954899999999999	0	600
100	1744662083.9012048	0.733873304	0.001	0.001	3.2723033405329005	0.0062459379896990935	0.0079566	0	600
101	1744662084.3028264	0.73385476	0.001	0.003	3.2722230211519845	0.006245856302582611	0.007907799999999998	0	600
102	1744662084.704714	0.734051115	0.001	0.005	3.2730734909556856	0.006246721305336482	0.0079693	0	600
103	1744662085.108633	0.734221278	0.001	0.007	3.2738105156976443	0.0062474710147310255	0.0080474	0	600
104	1744662085.5112178	0.73424353	0.001	0.01	3.273906895489714	0.0062475690594743435	0.008009700000000002	0	600
105	1744662085.9134462	0.734161193	0.001	0.012	3.2735502703351353	0.006247206280813795	0.0080301	0	600
106	1744662086.3155055	0.734231684	0.001	0.014	3.2738555870672417	0.006247516864525673	0.0079474	0	600
107	1744662086.717978	0.734365028	0.001	0.016	3.2744331381634946	0.006248104418203465	0.008179500000000001	0	600
108	1744662087.1209018	0.734485765	0.001	0.018	3.2749560847280814	0.006248636466026518	0.008500600000000002	0	600
109	1744662087.5219162	0.734449638	0.001	0.02	3.2747996083327857	0.006248477261926563	0.008495800000000001	0	600
110	1744662087.9258275	0.73445551	0.001	0.022	3.2748250416483993	0.006248503138340154	0.0084976	0	600
111	1744662088.3296678	0.734718213	0.001	0.025	3.2759628836633303	0.0062496609057934764	0.0084333	0	600
112	1744662088.7312868	0.734849564	0.001	0.027	3.2765318025051524	0.006250239862130314	0.0085634	0	600
113	1744662089.1325848	0.734800209	0.001	0.029	3.2763180318491383	0.006250022314048071	0.0085358	0	600
114	1744662089.552933	0.734907415	0.001	0.031	3.2767823717731313	0.0062504948680340375	0.008646999999999998	0	600
115	1744662089.9392529	0.734913235	0.001	0.033	3.2768075798618357	0.006250520522998199	0.0085535	0	600
116	1744662090.3409996	0.735125539	0.001	0.035	3.2777271293574177	0.006251456440664881	0.0085497	0	600
117	1744662090.7426102	0.735236359	0.001	0.037	3.2782071225516125	0.006251945029549732	0.0085676	0	600
118	1744662091.1445289	0.735317302	0.001	0.04	3.2785577098925054	0.006252301917598011	0.008585	0	600
119	1744662091.5488396	0.735264	0.001	0.042	3.2783268436478115	0.006252066900130111	0.008570200000000002	0	600
120	1744662091.950977	0.73535284	0.001	0.044	3.278711635159924	0.006252458615164479	0.0085425	0	600
121	1744662092.352863	0.735481774	0.001	0.046	3.2792700852817465	0.006253027153959403	0.008566200000000001	0	600
122	1744662092.7575824	0.735625992	0.001	0.048	3.279894734789781	0.006253663144906686	0.008522300000000002	0	600
123	1744662093.1591835	0.735618073	0.001	0.05	3.279860435330254	0.0062536282211324064	0.00853	0	600
124	1744662093.5623965	0.735607809	0.001	0.052	3.2798159790033705	0.006253582955885879	0.008536499999999999	0	600
