	t	Vhall	err_Vhall	I_fuente	B	err_B	Vdiodo	err_Vdiodo	frec_TTL
0	1744661712.958272	0.733304707	0.001	0.0	3.2698405838983597	0.006243433748512248	0.0095364	0	600
1	1744661713.190816	0.733251778	0.001	0.002	3.269611333223612	0.006243200683834257	0.009437200000000001	0	600
2	1744661713.5897682	0.733277104	0.001	0.004	3.2697210273910566	0.0062433122019508736	0.009424899999999998	0	600
3	1744661713.9906287	0.733527475	0.001	0.007	3.2708054559781696	0.006244414762018719	0.009537799999999999	0	600
4	1744661714.3935983	0.733549689	0.001	0.009	3.270901671181344	0.006244512594700382	0.0095913	0	600
5	1744661714.798327	0.733647098	0.001	0.011	3.2713235774893517	0.006244941610577689	0.009643599999999999	0	600
6	1744661715.199033	0.733632251	0.001	0.013	3.271259270875435	0.00624487621855326	0.0095759	0	600
7	1744661715.6020792	0.733640194	0.001	0.015	3.271293674285844	0.006244911202568254	0.0097134	0	600
8	1744661716.0036604	0.733871722	0.001	0.017	3.272296488437311	0.006245931020882292	0.009661800000000002	0	600
9	1744661716.405791	0.73396228	0.001	0.02	3.272688721100007	0.006246329946651312	0.009776900000000002	0	600
10	1744661716.8079245	0.734031322	0.001	0.022	3.272987761797657	0.006246634106167574	0.0097417	0	600
11	1744661717.2100194	0.734102788	0.001	0.024	3.2732973015343143	0.0062469489589736995	0.0098093	0	600
12	1744661717.6139047	0.734260474	0.001	0.026	3.2739802848118806	0.006247643717550526	0.0097948	0	600
13	1744661718.0180783	0.734400539	0.001	0.028	3.2745869464861714	0.006248260898998865	0.009907599999999999	0	600
14	1744661718.4199913	0.734447426	0.001	0.031	3.2747900275265636	0.006248467514229864	0.0098718	0	600
15	1744661718.8221214	0.734410427	0.001	0.033	3.2746297742492487	0.006248304471558357	0.0098098	0	600
16	1744661719.2244868	0.734704497	0.001	0.035	3.275903475734693	0.006249600452599993	0.009814199999999999	0	600
17	1744661719.6267903	0.734798451	0.001	0.037	3.2763104174470863	0.006250014565225858	0.0098888	0	600
18	1744661720.0284188	0.734741352	0.001	0.039	3.2760631053067204	0.006249762892039404	0.009906	0	600
19	1744661720.4315062	0.734846763	0.001	0.042	3.2765196705710524	0.006250227515630919	0.0098997	0	600
20	1744661720.8336046	0.734776024	0.001	0.044	3.27621327967984	0.00624991571342959	0.0097802	0	600
21	1744661721.237812	0.734990587	0.001	0.046	3.27714261355212	0.006250861505279729	0.0098742	0	600
22	1744661721.6404886	0.735153046	0.001	0.048	3.277846270061196	0.006251577711624607	0.0097863	0	600
23	1744661722.043494	0.735115783	0.001	0.05	3.2776848733241875	0.006251413429611581	0.009727600000000001	0	600
24	1744661722.44569	0.735162772	0.001	0.052	3.2778883961558245	0.006251620591463838	0.0098078	0	600
25	1744661722.8470066	0.73508528	0.001	0.052	3.2775527560853988	0.006251278953508888	0.00983	0	600
26	1744661723.2498624	0.735223066	0.001	0.05	3.2781495467572577	0.006251886420819536	0.0098501	0	600
27	1744661723.6509554	0.735114772	0.001	0.048	3.2776804943933144	0.006251408972454802	0.0098112	0	600
28	1744661724.0539012	0.735195885	0.001	0.046	3.2780318180529493	0.006251766581597229	0.0098386	0	600
29	1744661724.4581082	0.735029207	0.001	0.044	3.2773098878452065	0.006251031756031501	0.0098018	0	600
30	1744661724.859159	0.734857382	0.001	0.042	3.276565664504721	0.006250274323132904	0.009824500000000002	0	600
31	1744661725.2618906	0.734912858	0.001	0.04	3.2768059469667423	0.006250518861153054	0.009817	0	600
32	1744661725.6635032	0.734849992	0.001	0.037	3.2765336562958685	0.006250241748709155	0.009817699999999999	0	600
33	1744661726.0663564	0.734738406	0.001	0.035	3.276050345336046	0.006249749907317944	0.009823	0	600
34	1744661726.470356	0.734592633	0.001	0.033	3.2754189606771633	0.006249107432949152	0.0097995	0	600
35	1744661726.8712132	0.734438091	0.001	0.031	3.274749594965042	0.006248426377519245	0.0098411	0	600
36	1744661727.2742167	0.73445017	0.001	0.029	3.2748019125773205	0.006248479606311425	0.0098492	0	600
37	1744661727.6784194	0.734481644	0.001	0.027	3.274938235495513	0.0062486183054544725	0.0097865	0	600
38	1744661728.0791757	0.734432431	0.001	0.025	3.2747250798822125	0.00624840143561926	0.0098521	0	600
39	1744661728.4828131	0.734347767	0.001	0.022	3.274358375823439	0.006248028358159401	0.009795700000000001	0	600
40	1744661728.8867698	0.734112822	0.001	0.02	3.273340761665253	0.006246993166255997	0.009732399999999999	0	600
41	1744661729.2874851	0.734165828	0.001	0.018	3.2735703458490777	0.006247226702206194	0.0097577	0	600
42	1744661729.6902697	0.734159596	0.001	0.016	3.273543353270245	0.006247199244590081	0.0097723	0	600
43	1744661730.0905416	0.733833664	0.001	0.014	3.2721316483273615	0.006245763375007338	0.0096226	0	600
44	1744661730.4940786	0.733899148	0.001	0.012	3.2724152783068656	0.00624605183529005	0.0096366	0	600
45	1744661730.8981037	0.73366554	0.001	0.01	3.2714034550790223	0.006245022837284619	0.009560599999999999	0	600
46	1744661731.2997673	0.733757465	0.001	0.007	3.271801608610663	0.006245427730248496	0.0096078	0	600
47	1744661731.7084746	0.733825317	0.001	0.005	3.2720954950771177	0.006245726606948764	0.009539500000000001	0	600
48	1744661732.1071243	0.733382804	0.001	0.003	3.270178844397251	0.0062437776514249	0.009491000000000001	0	600
49	1744661732.5076628	0.733308946	0.001	0.001	3.2698589442227615	0.006243452414645448	0.0093775	0	600
50	1744661732.9089513	0.733293692	0.001	-0.001	3.269792874775151	0.006243385244991439	0.0093281	0	600
51	1744661733.314451	0.73336327	0.001	-0.003	3.2700942370424824	0.006243691631104117	0.009328	0	600
52	1744661733.7143002	0.73316046	0.001	-0.005	3.2692158087830103	0.006242798598220358	0.0092138	0	600
53	1744661734.1178699	0.733037843	0.001	-0.007	3.2686847193993915	0.006242258736877549	0.009120799999999998	0	600
54	1744661734.5187905	0.733084825	0.001	-0.01	3.2688882119120217	0.006242465585305636	0.0091544	0	600
55	1744661734.9216757	0.733060483	0.001	-0.012	3.2687827797307087	0.006242358413580529	0.009098899999999998	0	600
56	1744661735.3263757	0.732980547	0.001	-0.014	3.2684365539955422	0.006242006487497107	0.0091464	0	600
57	1744661735.7268584	0.732694578	0.001	-0.016	3.267197940263808	0.006240747632724537	0.0088974	0	600
58	1744661736.1298254	0.73267133	0.001	-0.018	3.2670972465101653	0.00624064530389715	0.008684500000000001	0	600
59	1744661736.5321982	0.732626135	0.001	-0.02	3.266901494006902	0.006240446377238206	0.0086865	0	600
60	1744661736.9336367	0.73263619	0.001	-0.022	3.266945045094861	0.006240490634000563	0.0086557	0	600
61	1744661737.337316	0.732408952	0.001	-0.025	3.265960812163418	0.006239490524833338	0.0088057	0	600
62	1744661737.7390726	0.732169431	0.001	-0.027	3.264923378037206	0.00623843651867897	0.008778399999999999	0	600
63	1744661738.1422584	0.732125012	0.001	-0.029	3.2647309866124368	0.006238241072307701	0.0086915	0	600
64	1744661738.5430856	0.732205318	0.001	-0.031	3.2650788149236893	0.006238594427905695	0.0087088	0	600
65	1744661738.9469655	0.73221528	0.001	-0.033	3.2651219632019837	0.006238638263153373	0.0087195	0	600
66	1744661739.349681	0.731898753	0.001	-0.035	3.263750994010691	0.006237245607603744	0.008681199999999998	0	600
67	1744661739.7508495	0.731774877	0.001	-0.037	3.2632144515370936	0.00623670065726619	0.0086497	0	600
68	1744661740.1545644	0.73178739	0.001	-0.04	3.263268648927808	0.00623675570192824	0.008677500000000001	0	600
69	1744661740.5572982	0.731813405	0.001	-0.042	3.2633813273518015	0.006236870143318978	0.008674900000000001	0	600
70	1744661740.9593294	0.731840544	0.001	-0.044	3.2634988741420674	0.006236989531344185	0.0087102	0	600
71	1744661741.3608549	0.731457572	0.001	-0.046	3.2618401126047334	0.006235304985434259	0.008682500000000001	0	600
72	1744661741.7652426	0.731322615	0.001	-0.048	3.261255575143003	0.00623471146342067	0.0086841	0	600
73	1744661742.1675067	0.731364055	0.001	-0.05	3.2614350636646368	0.006234893705105051	0.0087062	0	600
74	1744661742.581561	0.731368303	0.001	-0.052	3.261453462970619	0.006234912386919299	0.0086486	0	600
75	1744661742.9735036	0.731441351	0.001	-0.052	3.2617698548028655	0.006235233644941404	0.0086094	0	600
76	1744661743.3753357	0.731451669	0.001	-0.05	3.2618145450192317	0.0062352790237569814	0.008714499999999998	0	600
77	1744661743.7773113	0.731522031	0.001	-0.048	3.2621193030153512	0.006235588485809703	0.008607700000000001	0	600
78	1744661744.1813433	0.731392113	0.001	-0.046	3.2615565909073974	0.006235017099284635	0.0086547	0	600
79	1744661744.5817463	0.73161363	0.001	-0.044	3.2625160445475214	0.006235991372786219	0.0086018	0	600
80	1744661744.9850721	0.731736102	0.001	-0.042	3.263046505894566	0.0062365300890107325	0.0086785	0	600
81	1744661745.3867176	0.731758449	0.001	-0.04	3.2631432971588743	0.0062366283912183886	0.0086449	0	600
82	1744661745.789497	0.731755399	0.001	-0.037	3.2631300867343813	0.0062366149744892425	0.008627699999999999	0	600
83	1744661746.1912897	0.731808763	0.001	-0.035	3.263361221518852	0.0062368497227658646	0.008597899999999999	0	600
84	1744661746.5943205	0.732027325	0.001	-0.033	3.2643078762067215	0.006237811263587468	0.0086867	0	600
85	1744661746.9976788	0.732160749	0.001	-0.031	3.2648857738059123	0.00623839831688644	0.0087203	0	600
86	1744661747.4007797	0.732087754	0.001	-0.029	3.2645696115318614	0.006238077139205539	0.0086879	0	600
87	1744661747.8015976	0.73210481	0.001	-0.027	3.2646434859581404	0.006238152184144435	0.0087215	0	600
88	1744661748.2056065	0.731976322	0.001	-0.025	3.264086967590194	0.0062375868687613014	0.0087209	0	600
89	1744661748.6068478	0.732229084	0.001	-0.022	3.265181752283852	0.0062386990046216974	0.0087319	0	600
90	1744661749.0097554	0.732332747	0.001	-0.02	3.2656307464589993	0.0062391551685623695	0.008829700000000001	0	600
91	1744661749.41289	0.732393555	0.001	-0.018	3.2658941233418064	0.006239422765708171	0.0087659	0	600
92	1744661749.8151138	0.732294243	0.001	-0.016	3.265463974595173	0.006238985729956528	0.0088094	0	600
93	1744661750.2171655	0.732660999	0.001	-0.014	3.267052499987072	0.006240599831279752	0.0088653	0	600
94	1744661750.6214287	0.732746907	0.001	-0.012	3.2674245921665244	0.006240977970760445	0.0088839	0	600
95	1744661751.0226593	0.732833999	0.001	-0.01	3.2678018125894517	0.006241361343696553	0.0088419	0	600
96	1744661751.4252563	0.732857899	0.001	-0.007	3.267905330342035	0.006241466553686269	0.0088756	0	600
97	1744661751.8267624	0.732922447	0.001	-0.005	3.2681849062371704	0.006241750708179766	0.008912100000000001	0	600
98	1744661752.2290986	0.733228293	0.001	-0.003	3.2695096129550176	0.0062430972738650855	0.0089911	0	600
99	1744661752.6358306	0.73333423	0.001	-0.001	3.269968456476164	0.006243563752012429	0.009012000000000001	0	600
100	1744661753.0355062	0.733211002	0.001	0.001	3.26943472067636	0.006243021138554457	0.009019	0	600
101	1744661753.4461362	0.733224556	0.001	0.003	3.269493426936549	0.006243080819124143	0.0090041	0	600
102	1744661753.8415265	0.733360761	0.001	0.005	3.2700833698441047	0.006243680582500709	0.009067799999999999	0	600
103	1744661754.2412848	0.733610468	0.001	0.007	3.271164922456836	0.006244780278814121	0.0091509	0	600
104	1744661754.6450303	0.733725663	0.001	0.01	3.2716638650304266	0.006245287652352343	0.009148800000000002	0	600
105	1744661755.0490422	0.733739967	0.001	0.012	3.2717258197556545	0.006245350656650773	0.0090822	0	600
106	1744661755.4500916	0.733704769	0.001	0.014	3.271573367125721	0.006245195622390398	0.009164299999999998	0	600
107	1744661755.8532696	0.733946317	0.001	0.016	3.272619580770112	0.006246259624778471	0.0093823	0	600
108	1744661756.256973	0.734105009	0.001	0.018	3.273306921322117	0.0062469587441164156	0.0096941	0	600
109	1744661756.6573925	0.734136042	0.001	0.02	3.2734413341428668	0.006247095468857848	0.009649300000000001	0	600
110	1744661757.0606217	0.734010595	0.001	0.022	3.272897987217833	0.006246542793425005	0.009654	0	600
111	1744661757.4622722	0.734320385	0.001	0.025	3.2742397765305	0.006247907702020887	0.0097751	0	600
112	1744661757.8650367	0.734405149	0.001	0.027	3.2746069137179457	0.006248281213435689	0.009824099999999999	0	600
113	1744661758.2665875	0.734443045	0.001	0.029	3.2747710521594477	0.006248448208367816	0.0097888	0	600
114	1744661758.6696877	0.73452553	0.001	0.031	3.275128318344461	0.0062488117063920195	0.009702500000000001	0	600
115	1744661759.0727932	0.734472048	0.001	0.033	3.2748966724681576	0.006248576017644479	0.0096917	0	600
116	1744661759.477048	0.734766227	0.001	0.035	3.276170846063855	0.006249872531514196	0.009711099999999999	0	600
117	1744661759.877095	0.734906438	0.001	0.037	3.2767781401060065	0.006250490561359785	0.0096898	0	600
118	1744661760.2813005	0.734924446	0.001	0.04	3.2768561379172416	0.006250569942140569	0.009690299999999999	0	600
119	1744661760.682372	0.734852655	0.001	0.042	3.2765451905124006	0.006250253486944071	0.0097643	0	600
120	1744661761.0847502	0.735009351	0.001	0.044	3.277223885816115	0.006250944223154483	0.0096562	0	600
121	1744661761.489162	0.735231433	0.001	0.046	3.278185786633235	0.006251923310795807	0.0096843	0	600
122	1744661761.8902886	0.735384972	0.001	0.048	3.2788508080647776	0.00625260029780664	0.009812900000000001	0	600
123	1744661762.2929857	0.735347061	0.001	0.05	3.2786866046539753	0.006252433133593817	0.0096825	0	600
124	1744661762.6982963	0.735337832	0.001	0.052	3.278646631208846	0.006252392440003177	0.0097188	0	600
