	t	Vhall	err_Vhall	I_fuente	B	err_B	Vdiodo	err_Vdiodo	frec_TTL
0	1744660936.0370152	0.72477903	0.001	0.0	3.232913432338117	0.006205997596724007	0.014064299999999998	0	600
1	1744660936.254661	0.724869568	0.001	0.003	3.233305578375078	0.006206394027661762	0.0137832	0	600
2	1744660936.6563501	0.724907934	0.001	0.006	3.2334717525213375	0.006206562024857938	0.014022300000000001	0	600
3	1744660937.0569344	0.725042998	0.001	0.009	3.2340567534307474	0.006207153478210401	0.0141016	0	600
4	1744660937.460764	0.725096631	0.001	0.012	3.234289053331345	0.006207388355262662	0.0141239	0	600
5	1744660937.8621523	0.724974218	0.001	0.015	3.233758847530217	0.006206852279741042	0.0141319	0	600
6	1744660938.269124	0.725350498	0.001	0.017	3.2353886240968275	0.006208500239873611	0.0142341	0	600
7	1744660938.6843712	0.725424081	0.001	0.02	3.235707333167469	0.006208822553620789	0.014359	0	600
8	1744660939.0699341	0.72537775	0.001	0.023	3.2355066603224927	0.006208619609256256	0.014341800000000002	0	600
9	1744660939.4724612	0.725730869	0.001	0.026	3.2370361199574047	0.00621016654128618	0.014363499999999998	0	600
10	1744660939.876556	0.725783148	0.001	0.029	3.2372625552957857	0.006210395594625121	0.014410700000000002	0	600
11	1744660940.2768536	0.725799774	0.001	0.032	3.2373345672687748	0.0062104684408736685	0.014447399999999999	0	600
12	1744660940.6804638	0.726069837	0.001	0.035	3.238504287553958	0.006211651826653073	0.0144407	0	600
13	1744660941.0820532	0.726181136	0.001	0.038	3.238986355434491	0.006212139588874521	0.014464200000000002	0	600
14	1744660941.484928	0.726160148	0.001	0.041	3.238895450388833	0.0062120476072395625	0.014487700000000001	0	600
15	1744660941.8883102	0.726177863	0.001	0.044	3.23897217913306	0.0062121252445976926	0.014427600000000002	0	600
16	1744660942.289675	0.726446005	0.001	0.047	3.2401335790164554	0.006213300510440604	0.0144806	0	600
17	1744660942.692241	0.726542125	0.001	0.05	3.2405499022958817	0.0062137218557091764	0.014401699999999998	0	600
18	1744660943.0964386	0.726462965	0.001	0.052	3.2402070376392085	0.006213374853199328	0.0144651	0	600
19	1744660943.498258	0.726696688	0.001	0.055	3.2412193589650244	0.006214399444817679	0.0144394	0	600
20	1744660943.9007647	0.726888563	0.001	0.058	3.242050424604225	0.006215240703806885	0.014451400000000003	0	600
21	1744660944.3040476	0.726831316	0.001	0.061	3.241802471433424	0.006214989698065081	0.014447300000000001	0	600
22	1744660944.705034	0.726886982	0.001	0.064	3.2420435768399223	0.00621523377160989	0.0144538	0	600
23	1744660945.1081176	0.727169028	0.001	0.067	3.2432651989338583	0.006216470572475668	0.014463399999999998	0	600
24	1744660945.510058	0.727319081	0.001	0.07	3.243915121499898	0.0062171286656185765	0.014456699999999998	0	600
25	1744660945.9130485	0.727285647	0.001	0.07	3.243770309259736	0.006216982027129682	0.014462400000000004	0	600
26	1744660946.3161173	0.727320593	0.001	0.067	3.243921670405417	0.006217135297190892	0.014448599999999997	0	600
27	1744660946.7181084	0.726966868	0.001	0.064	3.242389586010753	0.006215584056253021	0.014449099999999998	0	600
28	1744660947.1215978	0.726858447	0.001	0.061	3.2419199835733967	0.00621510865570555	0.0145041	0	600
29	1744660947.524633	0.726944228	0.001	0.059	3.242291525679436	0.006215484782332121	0.0145398	0	600
30	1744660947.9250717	0.726983416	0.001	0.056	3.2424612601433784	0.0062156566183737445	0.0144992	0	600
31	1744660948.3282638	0.726721947	0.001	0.053	3.241328762936259	0.006214510184486335	0.014482900000000002	0	600
32	1744660948.7333472	0.726548306	0.001	0.05	3.2405766739790915	0.006213748951261467	0.014476099999999997	0	600
33	1744660949.133774	0.726625714	0.001	0.047	3.2409119502214327	0.0062140882930053825	0.014518799999999998	0	600
34	1744660949.5439613	0.726444578	0.001	0.044	3.240127398270307	0.006213294255342596	0.014518999999999999	0	600
35	1744660949.9379747	0.72623795	0.001	0.041	3.239232433158142	0.006212388587403726	0.014485799999999998	0	600
36	1744660950.33984	0.726218103	0.001	0.039	3.2391464701106307	0.00621230160294307	0.014487599999999998	0	600
37	1744660950.744384	0.726301168	0.001	0.036	3.2395062484419412	0.006212665663888055	0.014449300000000002	0	600
38	1744660951.145041	0.725996247	0.001	0.033	3.238185548164309	0.0062113293422383095	0.014474399999999998	0	600
39	1744660951.5484612	0.725968325	0.001	0.03	3.238064609976542	0.00621120698726128	0.014499300000000001	0	600
40	1744660951.9501877	0.725952872	0.001	0.027	3.2379976786028744	0.006211139272774287	0.0144791	0	600
41	1744660952.3528936	0.725769533	0.001	0.024	3.2372035848271072	0.0062103359415761885	0.0144753	0	600
42	1744660952.755924	0.725644164	0.001	0.021	3.2366605757424374	0.0062097866728546775	0.0143923	0	600
43	1744660953.1582754	0.725593747	0.001	0.019	3.236442205259928	0.006209565798122956	0.0144333	0	600
44	1744660953.5605505	0.725652898	0.001	0.016	3.236698405200641	0.006209824936898205	0.0144349	0	600
45	1744660953.9661503	0.725442058	0.001	0.013	3.2357851967088154	0.006208901300243827	0.014346300000000001	0	600
46	1744660954.365612	0.725214368	0.001	0.01	3.2347990060357756	0.006207903995178066	0.014230900000000001	0	600
47	1744660954.7681906	0.725261544	0.001	0.007	3.235003338818029	0.006208110618240208	0.014199100000000001	0	600
48	1744660955.17003	0.724954453	0.001	0.004	3.2336732396482173	0.006206765728270292	0.013977600000000001	0	600
49	1744660955.5723324	0.72489446	0.001	0.001	3.2334133927640867	0.006206503024357245	0.0138578	0	600
50	1744660955.9757717	0.724879378	0.001	-0.001	3.2333480682977913	0.006206436983316106	0.013983200000000001	0	600
51	1744660956.377418	0.724909439	0.001	-0.004	3.23347827110785	0.0062065686150465805	0.013855299999999997	0	600
52	1744660956.781062	0.724576896	0.001	-0.007	3.2320379320284665	0.006205112617324287	0.013653400000000001	0	600
53	1744660957.1841383	0.724416364	0.001	-0.01	3.2313426219088983	0.0062044098650100325	0.013549	0	600
54	1744660957.5853615	0.724419021	0.001	-0.013	3.231354130137711	0.006204421495796677	0.0135162	0	600
55	1744660957.9881244	0.724172779	0.001	-0.016	3.2302875854334605	0.006203343681451381	0.013269599999999998	0	600
56	1744660958.391984	0.724121372	0.001	-0.019	3.230064926977099	0.0062031186928857215	0.012819	0	600
57	1744660958.7943068	0.724001813	0.001	-0.021	3.229547082668267	0.00620259545957653	0.012813	0	600
58	1744660959.1977987	0.724045776	0.001	-0.024	3.2297374990262924	0.0062027878526091885	0.0127892	0	600
59	1744660959.5980957	0.723762156	0.001	-0.027	3.2285090594870614	0.006201546761386595	0.012842499999999998	0	600
60	1744660960.002239	0.723561029	0.001	-0.03	3.2276379207831365	0.0062006667950415244	0.0129383	0	600
61	1744660960.4085515	0.723629222	0.001	-0.033	3.227933284218363	0.006200965138115387	0.0129389	0	600
62	1744660960.8053777	0.723365086	0.001	-0.036	3.226789235469564	0.006199809624750563	0.0128463	0	600
63	1744660961.20854	0.723157596	0.001	-0.039	3.2258905367882464	0.006198902064993581	0.012803599999999998	0	600
64	1744660961.611267	0.723240757	0.001	-0.041	3.226250730923082	0.006199265795295003	0.0128	0	600
65	1744660962.0133498	0.723335853	0.001	-0.044	3.2266626189649084	0.006199681752104558	0.012824499999999999	0	600
66	1744660962.4153244	0.723054336	0.001	-0.047	3.225443288121647	0.006198450454022886	0.0127893	0	600
67	1744660962.8171217	0.722933903	0.001	-0.05	3.2249216582682223	0.006197923776287172	0.0127338	0	600
68	1744660963.2209148	0.722926611	0.001	-0.053	3.2248900745254674	0.006197891888284261	0.0127618	0	600
69	1744660963.6236122	0.72265219	0.001	-0.056	3.223701478492764	0.006196691956557022	0.0126915	0	600
70	1744660964.0275304	0.722519149	0.001	-0.059	3.2231252397763868	0.006196110302591485	0.0127034	0	600
71	1744660964.4281354	0.722558354	0.001	-0.061	3.2232950478722038	0.006196281701017041	0.0127382	0	600
72	1744660964.8316107	0.72256358	0.001	-0.064	3.223317683176597	0.006196304548655659	0.0127012	0	600
73	1744660965.2322874	0.722193377	0.001	-0.067	3.2217142278393776	0.0061946862522610675	0.012712999999999999	0	600
74	1744660965.6354442	0.722000076	0.001	-0.07	3.220876985785316	0.006193841422605638	0.0126835	0	600
75	1744660966.0396514	0.722060305	0.001	-0.07	3.221137854853112	0.006194104643931538	0.012715599999999999	0	600
76	1744660966.4413416	0.722069356	0.001	-0.067	3.2211770573292053	0.0061941442008275225	0.012684099999999999	0	600
77	1744660966.8443654	0.722274074	0.001	-0.064	3.2220637496837377	0.006195038974504198	0.012694500000000001	0	600
78	1744660967.247844	0.722428443	0.001	-0.061	3.2227323660832567	0.006195713766935039	0.0126887	0	600
79	1744660967.6479113	0.722429179	0.001	-0.059	3.222735553910282	0.006195716984377481	0.0126964	0	600
80	1744660968.0519338	0.722389407	0.001	-0.056	3.2225632899748953	0.006195543122385976	0.012666600000000004	0	600
81	1744660968.4531076	0.722566264	0.001	-0.053	3.2233293083501504	0.0061963162829125635	0.0127044	0	600
82	1744660968.858021	0.722687332	0.001	-0.05	3.2238536885706415	0.0061968456058047626	0.012734500000000001	0	600
83	1744660969.2614846	0.722621079	0.001	-0.047	3.2235667278316504	0.006196555934863581	0.0127191	0	600
84	1744660969.6613908	0.722864772	0.001	-0.044	3.2246222320860536	0.006197621471935149	0.0127811	0	600
85	1744660970.0636067	0.723047725	0.001	-0.041	3.225414653985148	0.006198421541675175	0.012767900000000002	0	600
86	1744660970.4657607	0.722999277	0.001	-0.039	3.2252048118061873	0.0061982096646071815	0.0127915	0	600
87	1744660970.8685262	0.723023822	0.001	-0.036	3.2253111232387046	0.006198317006097507	0.0127531	0	600
88	1744660971.2720459	0.723377518	0.001	-0.033	3.226843082026054	0.006199864006276649	0.012772	0	600
89	1744660971.6759388	0.723531183	0.001	-0.03	3.2275086491997227	0.006200536223690909	0.0128281	0	600
90	1744660972.07599	0.723537664	0.001	-0.027	3.2275367202689482	0.006200564576777923	0.0128212	0	600
91	1744660972.4794571	0.723750416	0.001	-0.024	3.2284582101809804	0.006201495393512266	0.012906400000000002	0	600
92	1744660972.8802092	0.723786468	0.001	-0.021	3.2286143617297727	0.0062016531388126095	0.012986600000000001	0	600
93	1744660973.2836888	0.72369873	0.001	-0.019	3.228234343295624	0.006201269248450846	0.012990600000000001	0	600
94	1744660973.6876476	0.723684071	0.001	-0.016	3.228170850963611	0.006201205111429354	0.0129827	0	600
95	1744660974.0877972	0.723974518	0.001	-0.013	3.229428860197273	0.006202476012736889	0.013068500000000002	0	600
96	1744660974.4917555	0.724100907	0.001	-0.01	3.2299762871943956	0.0062030291276662175	0.013128899999999999	0	600
97	1744660974.8933697	0.72413943	0.001	-0.007	3.23014314135267	0.006203197724880646	0.013144	0	600
98	1744660975.2967527	0.72445778	0.001	-0.004	3.231522006479651	0.006204591162322667	0.013248399999999999	0	600
99	1744660975.699382	0.724574534	0.001	-0.001	3.2320277015292365	0.00620510227677202	0.0132881	0	600
100	1744660976.101228	0.724509307	0.001	0.001	3.231745184690419	0.006204816727311595	0.013328600000000001	0	600
101	1744660976.5037713	0.724552082	0.001	0.004	3.231930455479822	0.0062050039854357275	0.0133214	0	600
102	1744660976.9077668	0.724870687	0.001	0.007	3.2333104250849165	0.006206398927481988	0.013407800000000001	0	600
103	1744660977.3088698	0.725072397	0.001	0.01	3.2341840889289983	0.006207282225326814	0.0134763	0	600
104	1744660977.7112548	0.724980126	0.001	0.013	3.2337844367721527	0.006206878151256968	0.013509799999999999	0	600
105	1744660978.1129973	0.725293141	0.001	0.016	3.235140194484488	0.0062082490115340965	0.0138935	0	600
106	1744660978.5159078	0.725407497	0.001	0.019	3.2356355031085213	0.006208749909753127	0.014307700000000001	0	600
107	1744660978.919567	0.725392445	0.001	0.021	3.2355703085808276	0.006208683977296813	0.014298499999999997	0	600
108	1744660979.3259695	0.7253996	0.001	0.024	3.235601298937302	0.006208715318345927	0.014284499999999997	0	600
109	1744660979.7252293	0.725692361	0.001	0.027	3.2368693307684313	0.006209997828863321	0.014398899999999997	0	600
110	1744660980.12727	0.725815295	0.001	0.03	3.2374017931699397	0.0062105364463374965	0.0144428	0	600
111	1744660980.537551	0.725794373	0.001	0.033	3.237311173989206	0.00621044477648819	0.014504899999999998	0	600
112	1744660980.9312842	0.72602095	0.001	0.036	3.2382925439401276	0.006211437593382082	0.014498599999999997	0	600
113	1744660981.3353262	0.726177339	0.001	0.039	3.2389699095388194	0.006212122948113893	0.014519099999999998	0	600
114	1744660981.7360883	0.726124293	0.001	0.041	3.2387401521035253	0.006211890472754714	0.014513299999999998	0	600
115	1744660982.1394575	0.726154756	0.001	0.044	3.238872096090845	0.0062120239765657385	0.0145312	0	600
116	1744660982.541013	0.72642603	0.001	0.047	3.240047061564244	0.006213212952763611	0.014515	0	600
117	1744660982.9437852	0.726583289	0.001	0.05	3.240728195382381	0.0062139023078047655	0.014555299999999998	0	600
118	1744660983.3468282	0.726539626	0.001	0.053	3.240539078410371	0.006213710900914156	0.014481899999999997	0	600
119	1744660983.7521136	0.726867565	0.001	0.056	3.2419594762457002	0.006215148634657435	0.014530200000000002	0	600
120	1744660984.152272	0.727082681	0.001	0.059	3.242891205319536	0.006216091907132673	0.0145058	0	600
121	1744660984.5555072	0.726931206	0.001	0.061	3.242235123663782	0.006215427682970344	0.014535600000000001	0	600
122	1744660984.9569418	0.72704247	0.001	0.064	3.2427170399492797	0.006215915573656169	0.014504600000000001	0	600
123	1744660985.359078	0.727262968	0.001	0.067	3.243672080008237	0.0062168825609628465	0.014478	0	600
124	1744660985.7636724	0.72738946	0.001	0.07	3.244219953127892	0.0062174373522495795	0.0145065	0	600
