	t	Vhall	err_Vhall	I_fuente	B	err_B	Vdiodo	err_Vdiodo	frec_TTL
0	1744662447.9003873	0.734112426	0.001	0.0	3.273339046475712	0.006246991421573995	0.007245	0	600
1	1744662448.1253216	0.734055512	0.001	0.002	3.273092535623389	0.006246740676719936	0.0070739999999999996	0	600
2	1744662448.5290055	0.7341011	0.001	0.003	3.2732899903223327	0.006246941522098556	0.0072682	0	600
3	1744662448.9307878	0.734392053	0.001	0.005	3.2745501911870742	0.006248223504732068	0.007216200000000001	0	600
4	1744662449.3334353	0.734495268	0.001	0.006	3.2749972449457716	0.006248678344378289	0.007348	0	600
5	1744662449.7369623	0.7343878	0.001	0.008	3.274531770224659	0.006248204763611193	0.007368000000000001	0	600
6	1744662450.1366272	0.734463871	0.001	0.009	3.2748612555366567	0.006248539983317083	0.007332000000000001	0	600
7	1744662450.5383751	0.734442495	0.001	0.011	3.274768669951752	0.0062484457846730115	0.0073024000000000006	0	600
8	1744662450.9414108	0.734478826	0.001	0.012	3.274926029929539	0.006248605887018291	0.0072062	0	600
9	1744662451.3453257	0.734584369	0.001	0.014	3.275383166923718	0.006249071012350362	0.007451000000000001	0	600
10	1744662451.748933	0.734594012	0.001	0.015	3.2754249335215486	0.006249113510413406	0.0074006	0	600
11	1744662452.1494849	0.734750364	0.001	0.017	3.276102138862632	0.006249802613277904	0.0071906	0	600
12	1744662452.5523758	0.734888674	0.001	0.019	3.2767011991287314	0.006250412257069595	0.007394	0	600
13	1744662452.9542043	0.734858364	0.001	0.02	3.2765699178282794	0.006250278651708264	0.0072683999999999995	0	600
14	1744662453.3578038	0.734878575	0.001	0.022	3.276657457464156	0.0062503677407554255	0.007435800000000001	0	600
15	1744662453.7608094	0.734865914	0.001	0.023	3.2766026190430075	0.006250311931581337	0.0073624	0	600
16	1744662454.1653476	0.735157157	0.001	0.025	3.2778640759808972	0.006251595836104856	0.0074448	0	600
17	1744662454.5667334	0.73523893	0.001	0.026	3.2782182582897668	0.0062519563651269585	0.007513800000000001	0	600
18	1744662454.9670858	0.73516485	0.001	0.028	3.2778973965696263	0.0062516297529537	0.007470599999999999	0	600
19	1744662455.369747	0.735193934	0.001	0.029	3.278023367712561	0.006251757979849971	0.0076346	0	600
20	1744662455.7734604	0.735116773	0.001	0.031	3.277689161298039	0.0062514177941893284	0.007475	0	600
21	1744662456.1763911	0.735255639	0.001	0.032	3.2782906297595544	0.006252030035821474	0.0074742	0	600
22	1744662456.5773613	0.735217678	0.001	0.034	3.278126209784416	0.006251862665316142	0.007414800000000001	0	600
23	1744662456.9804387	0.735470384	0.001	0.036	3.279220751926017	0.006252976927440558	0.0075016	0	600
24	1744662457.38559	0.735564688	0.001	0.037	3.279629209588762	0.006253392791368143	0.007427400000000001	0	600
25	1744662457.7856457	0.735654943	0.001	0.039	3.280020129871582	0.006253790823954848	0.0074734	0	600
26	1744662458.189539	0.735566962	0.001	0.04	3.279639058934761	0.006253402819622012	0.007539799999999999	0	600
27	1744662458.5903234	0.73557688	0.001	0.042	3.2796820166364395	0.006253446557800797	0.0074956	0	600
28	1744662458.9928977	0.735618447	0.001	0.043	3.2798620552314866	0.006253629870514822	0.007582800000000001	0	600
29	1744662459.3975475	0.735595128	0.001	0.045	3.2797610539564874	0.006253527031852068	0.007531399999999999	0	600
30	1744662459.7963667	0.735918192	0.001	0.046	3.2811603367690614	0.006254951909700198	0.007817	0	600
31	1744662460.200451	0.735886268	0.001	0.048	3.2810220647718453	0.006254811095093171	0.0074226	0	600
32	1744662460.6022413	0.735812427	0.001	0.049	3.280702238229231	0.006254485398691115	0.007453400000000001	0	600
33	1744662461.0049682	0.735853067	0.001	0.051	3.280878261721489	0.006254664650842721	0.0074107999999999995	0	600
34	1744662461.408254	0.735897316	0.001	0.052	3.281069916827516	0.006254859826742199	0.0075078	0	600
35	1744662461.8099768	0.735839526	0.001	0.052	3.280819611768028	0.006254604924590577	0.0074254	0	600
36	1744662462.2120507	0.735900764	0.001	0.051	3.2810848511041235	0.006254875035605519	0.007414	0	600
37	1744662462.6140363	0.73597515	0.001	0.049	3.281407038198	0.006255203154887891	0.0075548	0	600
38	1744662463.016129	0.735943965	0.001	0.048	3.2812719670216692	0.006255065594805551	0.0074348	0	600
39	1744662463.42019	0.735812315	0.001	0.046	3.280701753125118	0.006254484904695704	0.0074104	0	600
40	1744662463.8222382	0.735684802	0.001	0.045	3.2801494577617234	0.006253922509977058	0.007500999999999999	0	600
41	1744662464.2289715	0.73569897	0.001	0.043	3.280210823431957	0.006253984995473113	0.0075266	0	600
42	1744662464.6416051	0.73566531	0.001	0.042	3.2800650323209974	0.006253836544852714	0.0074362	0	600
43	1744662465.0299354	0.735607141	0.001	0.04	3.279813085703842	0.006253580009950906	0.007381800000000001	0	600
44	1744662465.43345	0.73561283	0.001	0.039	3.2798377263939864	0.006253605098950283	0.0073924	0	600
45	1744662465.836342	0.735570787	0.001	0.037	3.279655626106461	0.006253419687760788	0.0074768000000000005	0	600
46	1744662466.2385745	0.735574752	0.001	0.036	3.279672799658302	0.006253437173340054	0.0074692	0	600
47	1744662466.6398807	0.735265955	0.001	0.034	3.2783353113133473	0.0062520755199084645	0.0075358	0	600
48	1744662467.0420363	0.73530074	0.001	0.033	3.2784859751218662	0.0062522288920807325	0.0074416	0	600
49	1744662467.4453764	0.735328273	0.001	0.031	3.2786052284390994	0.0062523502915970055	0.007420400000000001	0	600
50	1744662467.8481812	0.735347234	0.001	0.03	3.2786873539665775	0.006252433896408082	0.0074462	0	600
51	1744662468.2504869	0.735301311	0.001	0.028	3.2784884482865824	0.006252231409732712	0.007397999999999999	0	600
52	1744662468.6532633	0.735265752	0.001	0.027	3.278334432062143	0.006252074624861913	0.0074102000000000005	0	600
53	1744662469.0562987	0.735278809	0.001	0.025	3.2783909856728326	0.006252132194674798	0.0075116	0	600
54	1744662469.4586983	0.734956634	0.001	0.024	3.2769955533741517	0.006250711831889822	0.0074918	0	600
55	1744662469.8611643	0.735004676	0.001	0.022	3.277203637050704	0.006250923614123912	0.007418800000000001	0	600
56	1744662470.2643788	0.734950231	0.001	0.021	3.2769678201452903	0.006250683606223691	0.007444000000000001	0	600
57	1744662470.664957	0.734968054	0.001	0.019	3.277045016668482	0.006250762173759232	0.007317	0	600
58	1744662471.0684755	0.73491593	0.001	0.017	3.276819252679543	0.006250532402778502	0.0074102000000000005	0	600
59	1744662471.4723735	0.734787206	0.001	0.016	3.2762617121279316	0.006249965000303036	0.007465000000000001	0	600
60	1744662471.872833	0.734553165	0.001	0.014	3.2752480134529396	0.006248933493757584	0.007385999999999999	0	600
61	1744662472.276155	0.734600071	0.001	0.013	3.275451176787779	0.006249140213419759	0.0073328	0	600
62	1744662472.678919	0.734622982	0.001	0.011	3.275550410897797	0.006249241186912447	0.007327200000000001	0	600
63	1744662473.0800521	0.734630154	0.001	0.01	3.2755814748861454	0.006249272795704527	0.0072548000000000005	0	600
64	1744662473.4818637	0.734602878	0.001	0.008	3.2754633347095994	0.006249152584364934	0.0072386	0	600
65	1744662473.8859441	0.734643795	0.001	0.007	3.275640557968279	0.006249332915402824	0.007274600000000001	0	600
66	1744662474.2903168	0.734673484	0.001	0.005	3.275769149539678	0.006249463764980447	0.007332	0	600
67	1744662474.6935408	0.73435486	0.001	0.004	3.274389097640136	0.0062480596131325745	0.0073349999999999995	0	600
68	1744662475.0939717	0.734219696	0.001	0.002	3.2738036636020547	0.006247464044320723	0.007161000000000001	0	600
69	1744662475.503636	0.734304587	0.001	0.001	3.2741713508629138	0.00624783809064635	0.0071228	0	600
70	1744662475.8975604	0.734359471	0.001	-0.001	3.2744090692031973	0.006248079931366744	0.006998599999999999	0	600
71	1744662476.300132	0.73432383	0.001	-0.002	3.2742546978132467	0.0062479228819613975	0.0070898	0	600
72	1744662476.7043056	0.734330823	0.001	-0.004	3.2742849865012724	0.006247953695803988	0.007004399999999999	0	600
73	1744662477.1046987	0.734006914	0.001	-0.005	3.2728820437514208	0.006246526576919483	0.0071688	0	600
74	1744662477.5092843	0.733888248	0.001	-0.007	3.2723680672816284	0.006246003819385532	0.007013	0	600
75	1744662477.910201	0.73384577	0.001	-0.008	3.2721840828843805	0.006245816701604884	0.007055799999999999	0	600
76	1744662478.3122363	0.733769635	0.001	-0.01	3.271854320370033	0.006245481336079672	0.0069008	0	600
77	1744662478.7160492	0.733807104	0.001	-0.011	3.2720166093521055	0.006245646380423779	0.0069272	0	600
78	1744662479.117434	0.73375013	0.001	-0.013	3.2717698386225793	0.006245395421600171	0.0068896	0	600
79	1744662479.5202415	0.733819341	0.001	-0.014	3.2720696113076855	0.0062457002831338	0.0069926	0	600
80	1744662479.9244015	0.73360035	0.001	-0.016	3.271121098497814	0.006244735716169164	0.0069956	0	600
81	1744662480.3255918	0.733498062	0.001	-0.017	3.2706780598419045	0.0062442852264199865	0.006589200000000001	0	600
82	1744662480.7285771	0.733413284	0.001	-0.019	3.2703108620164447	0.00624391187598396	0.0065232	0	600
83	1744662481.1317897	0.733380025	0.001	-0.021	3.2701668077514587	0.006243765413696338	0.006614	0	600
84	1744662481.5324981	0.733459953	0.001	-0.022	3.270512998836332	0.006244117397145105	0.006492	0	600
85	1744662481.9372907	0.733418084	0.001	-0.024	3.2703316521926955	0.006243933013955227	0.006498200000000001	0	600
86	1744662482.3402054	0.733150441	0.001	-0.025	3.2691724136213733	0.00624275448466846	0.0065785999999999996	0	600
87	1744662482.74048	0.733051454	0.001	-0.027	3.2687436725429233	0.006242318661593486	0.0066556	0	600
88	1744662483.1445704	0.733002539	0.001	-0.028	3.2685318076530656	0.006242103307586613	0.0066274	0	600
89	1744662483.5457544	0.733129646	0.001	-0.03	3.269082344514052	0.006242662925430791	0.0065622	0	600
90	1744662483.9489183	0.733178797	0.001	-0.031	3.269295231587576	0.006242879336592968	0.0066040000000000005	0	600
91	1744662484.3520494	0.733016601	0.001	-0.033	3.2685927142069073	0.006242165216474927	0.0066414	0	600
92	1744662484.7543192	0.733122962	0.001	-0.034	3.269053394193623	0.006242633496413916	0.0066708	0	600
93	1744662485.1576715	0.73287319	0.001	-0.036	3.2679715600472545	0.006241533866938763	0.006679200000000001	0	600
94	1744662485.5601754	0.732807225	0.001	-0.037	3.2676858467188383	0.0062412434840642345	0.0066268	0	600
95	1744662485.9612148	0.732798937	0.001	-0.039	3.2676499490145114	0.006241207000559999	0.006560000000000001	0	600
96	1744662486.3688192	0.7327519	0.001	-0.04	3.267446218281112	0.006240999949004831	0.006471	0	600
97	1744662486.768512	0.732757056	0.001	-0.042	3.2674685503954346	0.006241022644820422	0.0065956	0	600
98	1744662487.1679456	0.73277254	0.001	-0.043	3.2675356160389915	0.006241090803160226	0.0065991999999999995	0	600
99	1744662487.5720637	0.732776946	0.001	-0.045	3.267554699688275	0.00624111019786537	0.0066038	0	600
100	1744662487.9728227	0.732366915	0.001	-0.046	3.265778737863613	0.0062393055300095914	0.0065282	0	600
101	1744662488.376306	0.732329373	0.001	-0.048	3.26561613269761	0.006239140320949507	0.0065731999999999995	0	600
102	1744662488.7778795	0.732354852	0.001	-0.049	3.265726489551922	0.006239252444567896	0.0065952	0	600
103	1744662489.1805124	0.732359828	0.001	-0.051	3.2657480420346356	0.006239274342316381	0.0065696	0	600
104	1744662489.5843136	0.732397816	0.001	-0.052	3.2659125789545156	0.006239441517450148	0.0065325999999999995	0	600
105	1744662489.987937	0.732289702	0.001	-0.052	3.265444306222182	0.0062389657473631375	0.0065696	0	600
106	1744662490.3883853	0.73235689	0.001	-0.051	3.2657353167142555	0.006239261413130625	0.006575	0	600
107	1744662490.7917402	0.732368585	0.001	-0.049	3.2657859711124337	0.006239312879183883	0.006580999999999999	0	600
108	1744662491.1941514	0.732476887	0.001	-0.048	3.2662550581266707	0.0062397895014364565	0.006489	0	600
109	1744662491.5957143	0.732352139	0.001	-0.046	3.2657147387710537	0.006239240505572544	0.006506199999999999	0	600
110	1744662492.0000045	0.732550969	0.001	-0.045	3.266575928509385	0.0062401155457819935	0.006491800000000001	0	600
111	1744662492.4012768	0.732531496	0.001	-0.043	3.2664915853631062	0.006240029841077355	0.006548999999999999	0	600
112	1744662492.8037992	0.732718991	0.001	-0.042	3.267303679966478	0.006240855091126367	0.0066454	0	600
113	1744662493.2057211	0.732789347	0.001	-0.04	3.267608411974877	0.006241164785943256	0.0065439999999999995	0	600
114	1744662493.6072462	0.732783492	0.001	-0.039	3.2675830522911373	0.006241139012708374	0.0066286	0	600
115	1744662494.0123186	0.73276679	0.001	-0.037	3.2675107111403574	0.006241065492406441	0.0065834000000000005	0	600
116	1744662494.4138966	0.7327306	0.001	-0.036	3.267353961873998	0.006240906190925834	0.0065084	0	600
117	1744662494.815987	0.733046886	0.001	-0.034	3.268723887225191	0.0062422985501455475	0.006632000000000001	0	600
118	1744662495.222133	0.733094394	0.001	-0.033	3.268929657994635	0.006242507715684948	0.0066122	0	600
119	1744662495.6220262	0.733085081	0.001	-0.031	3.268889320721422	0.006242466712418607	0.0065883999999999995	0	600
120	1744662496.0246475	0.733054766	0.001	-0.03	3.2687580177645366	0.0062423332433116305	0.006653400000000001	0	600
121	1744662496.428113	0.733061783	0.001	-0.028	3.2687884104034435	0.006242364137111262	0.0067274	0	600
122	1744662496.828846	0.733078812	0.001	-0.027	3.2688621678849805	0.006242439111413846	0.006681000000000001	0	600
123	1744662497.232067	0.733112372	0.001	-0.025	3.269007525867269	0.006242586869915477	0.0065504	0	600
124	1744662497.6357558	0.733308339	0.001	-0.024	3.2698563151317233	0.006243449741761184	0.006661199999999999	0	600
125	1744662498.0357625	0.733366998	0.001	-0.022	3.270110384079371	0.006243708047715541	0.0066408000000000005	0	600
126	1744662498.4388835	0.733426597	0.001	-0.021	3.270368524436534	0.006243970503192267	0.0066088	0	600
127	1744662498.8400033	0.733255746	0.001	-0.019	3.269628519769313	0.0062432181560278565	0.006617199999999999	0	600
128	1744662499.244513	0.733353154	0.001	-0.017	3.2700504217460336	0.006243647084514946	0.0066554000000000006	0	600
129	1744662499.6481507	0.733367995	0.001	-0.016	3.2701147023722297	0.006243712438109062	0.00673	0	600
130	1744662500.0481117	0.733548647	0.001	-0.014	3.270897157980583	0.006244508005596018	0.0065816	0	600
131	1744662500.4516077	0.733799909	0.001	-0.013	3.271985445744163	0.006245614687400888	0.006711400000000001	0	600
132	1744662500.8535097	0.733776789	0.001	-0.011	3.27188530639522	0.0062455128478752925	0.0067798	0	600
133	1744662501.2557974	0.733790811	0.001	-0.01	3.2719460396975935	0.006245574612129475	0.006706400000000001	0	600
134	1744662501.6601222	0.733879399	0.001	-0.008	3.2723297397254525	0.006245964838653315	0.006673	0	600
135	1744662502.0613763	0.73393487	0.001	-0.007	3.27257000053104	0.006246209197714149	0.0067704	0	600
136	1744662502.4642022	0.733750679	0.001	-0.005	3.2717722164989884	0.006245397839788085	0.0066890000000000005	0	600
137	1744662502.8677118	0.734054579	0.001	-0.004	3.2730884945328804	0.0062467365662988925	0.0067256	0	600
138	1744662503.2681894	0.734229715	0.001	-0.002	3.273847058763692	0.006247508188906245	0.006674000000000001	0	600
139	1744662503.67112	0.734173359	0.001	-0.001	3.273602964769358	0.006247259883246247	0.0066938	0	600
140	1744662504.072963	0.734141203	0.001	0.001	3.273463687913623	0.006247118207387127	0.006763	0	600
141	1744662504.476331	0.734277533	0.001	0.002	3.274054172232019	0.006247718883174952	0.0068316	0	600
142	1744662504.8813634	0.734124481	0.001	0.004	3.273391260137109	0.006247044533245912	0.0067328	0	600
143	1744662505.2844982	0.734446245	0.001	0.005	3.274784912276948	0.006248462309882221	0.0067472	0	600
144	1744662505.6856728	0.73451008	0.001	0.007	3.275061399964653	0.006248743619248883	0.0067658	0	600
145	1744662506.0876162	0.734445845	0.001	0.008	3.274783179762261	0.006248460547191301	0.0068964	0	600
146	1744662506.4920788	0.734514521	0.001	0.01	3.275080635208972	0.006248763190375777	0.0068314	0	600
147	1744662506.8918886	0.7345604	0.001	0.011	3.2752793503123514	0.006248965378746542	0.006909800000000001	0	600
148	1744662507.2956116	0.73455846	0.001	0.013	3.2752709476161166	0.0062489568290594625	0.0069018	0	600
149	1744662507.6958895	0.734575854	0.001	0.014	3.275346286017306	0.006249033485766171	0.0067962	0	600
150	1744662508.099121	0.734804229	0.001	0.016	3.2763354436217482	0.006250040033231403	0.006881	0	600
151	1744662508.5005195	0.735004075	0.001	0.017	3.2772010339473856	0.006250920964710871	0.0072336	0	600
152	1744662508.9038908	0.735056175	0.001	0.019	3.2774266939854435	0.00625115064316089	0.007290199999999999	0	600
153	1744662509.3081427	0.735130225	0.001	0.021	3.2777474257669827	0.006251477099823264	0.0071322	0	600
154	1744662509.7090356	0.734920951	0.001	0.022	3.276841000070159	0.0062505545358129124	0.007281999999999999	0	600
155	1744662510.1112034	0.735070832	0.001	0.024	3.2774901776548835	0.006251215258720739	0.007294	0	600
156	1744662510.5151947	0.735324184	0.001	0.025	3.2785875178077055	0.006252332262089439	0.007259799999999999	0	600
157	1744662510.9168668	0.735342	0.001	0.027	3.2786646840118907	0.006252410818007814	0.0073438	0	600
158	1744662511.3194718	0.735421993	0.001	0.028	3.2790111566304003	0.00625276354167003	0.0072768	0	600
159	1744662511.7236154	0.735426703	0.001	0.03	3.2790315569908466	0.006252784310668648	0.0073274	0	600
160	1744662512.1241517	0.735388326	0.001	0.031	3.278865335200433	0.006252615087085284	0.007305399999999999	0	600
161	1744662512.5280538	0.735429901	0.001	0.033	3.279045408445774	0.006252798412458346	0.007317	0	600
162	1744662512.9309456	0.735416375	0.001	0.034	3.278986823461613	0.006252738768880252	0.007248599999999999	0	600
163	1744662513.3319204	0.735664435	0.001	0.036	3.280061242445118	0.006253832685885816	0.0072542	0	600
164	1744662513.7359526	0.735842927	0.001	0.037	3.280834342474159	0.006254619925573536	0.0072602	0	600
165	1744662514.1367536	0.735966203	0.001	0.039	3.2813682861757254	0.006255163688509804	0.0073118	0	600
166	1744662514.5390055	0.735852911	0.001	0.04	3.280877586040761	0.006254663962759412	0.0073286	0	600
167	1744662514.943254	0.735927513	0.001	0.042	3.281200708692569	0.006254993024555648	0.0073184	0	600
168	1744662515.3463411	0.735914818	0.001	0.043	3.281145723007672	0.006254937027075295	0.007267599999999999	0	600
169	1744662515.7599208	0.735834024	0.001	0.045	3.2807957810285	0.006254580656678777	0.007269	0	600
170	1744662516.1492636	0.736005315	0.001	0.046	3.2815376914618772	0.006255336218318126	0.0073046	0	600
171	1744662516.5521884	0.736074869	0.001	0.048	3.2818389497783276	0.0062556430439563646	0.0074345999999999995	0	600
172	1744662516.9555137	0.736054126	0.001	0.049	3.2817491058979162	0.006255551538281508	0.007372000000000001	0	600
173	1744662517.356	0.736025395	0.001	0.051	3.281624663699194	0.006255424796390247	0.007292	0	600
174	1744662517.7592463	0.735969655	0.001	0.052	3.2813832377774794	0.006255178915702441	0.007273800000000001	0	600
