	t	Vhall	err_Vhall	I_fuente	B	err_B	Vdiodo	err_Vdiodo	frec_TTL
0	1744407067.628142	0.419359145	0.001	0.0	1.9100523407313093	0.0050411689809089265	0.0266436	0	600
1	1744407068.0123215	0.419557036	0.001	0.007	1.910909463391411	0.0050417862665112926	0.026691799999999998	0	600
2	1744407068.4165552	0.41969248	0.001	0.014	1.9114961101897738	0.00504220888414624	0.026712599999999996	0	600
3	1744407068.8196216	0.420083569	0.001	0.021	1.9131900287814052	0.0050434297418691255	0.026713399999999998	0	600
4	1744407069.2209575	0.42046596	0.001	0.029	1.9148462738411554	0.005044624260549325	0.026756199999999997	0	600
5	1744407069.6247926	0.420897705	0.001	0.036	1.9167162852256325	0.005045973917917681	0.0267756	0	600
6	1744407070.027055	0.42097258	0.001	0.043	1.9170405903187147	0.005046208085253574	0.026715	0	600
7	1744407070.4282227	0.421281986	0.001	0.05	1.9183807164172813	0.005047176061445658	0.0268116	0	600
8	1744407070.8314476	0.421773836	0.001	0.057	1.9205110597900017	0.005048715894671162	0.026841999999999998	0	600
9	1744407071.2356703	0.421853837	0.001	0.064	1.9208575670588053	0.0050489664789957625	0.026823399999999997	0	600
10	1744407071.6375394	0.422157251	0.001	0.071	1.922171740087352	0.005049917170848859	0.0268316	0	600
11	1744407072.041403	0.422591402	0.001	0.079	1.9240521725476751	0.005051278380149301	0.026841399999999998	0	600
12	1744407072.453429	0.423051556	0.001	0.086	1.9260452314565513	0.005052722244011531	0.026890999999999998	0	600
13	1744407072.8423111	0.423203974	0.001	0.093	1.9267053975156818	0.00505320075417478	0.026928999999999998	0	600
14	1744407073.2470431	0.423589006	0.001	0.1	1.9283730815036564	0.005054410112318572	0.0268614	0	600
15	1744407073.6487176	0.42405599	0.001	0.107	1.9303957231008233	0.00505587796288931	0.0269432	0	600
16	1744407074.0508783	0.424244544	0.001	0.114	1.9312124045368302	0.005056470973980752	0.026940199999999997	0	600
17	1744407074.4531426	0.424565345	0.001	0.121	1.932601885647559	0.005057480353893145	0.0269094	0	600
18	1744407074.856351	0.425174079	0.001	0.129	1.9352384871371386	0.005059397239537038	0.0269718	0	600
19	1744407075.259617	0.4255923	0.001	0.136	1.9370499222000288	0.005060715375419577	0.0268978	0	600
20	1744407075.6603615	0.425640855	0.001	0.143	1.937260227826668	0.00506086847125782	0.026978800000000004	0	600
21	1744407076.0638778	0.425909362	0.001	0.15	1.9384232086297157	0.0050617153161431885	0.026974199999999997	0	600
22	1744407076.4671874	0.426413605	0.001	0.157	1.9406072296387442	0.005063306709224074	0.026984600000000004	0	600
23	1744407076.8678515	0.426698231	0.001	0.164	1.941840026452415	0.005064205600426606	0.027023800000000004	0	600
24	1744407077.2709482	0.427052368	0.001	0.171	1.9433738953372075	0.0050653246321364555	0.0269042	0	600
25	1744407077.6752906	0.427555101	0.001	0.179	1.9455513761032903	0.005066914379175875	0.027016000000000002	0	600
26	1744407078.0766494	0.427967681	0.001	0.186	1.9473383783777989	0.005068220067766737	0.026997400000000005	0	600
27	1744407078.4789484	0.428203059	0.001	0.193	1.9483578679831342	0.005068965379968581	0.027059800000000002	0	600
28	1744407078.888201	0.428552019	0.001	0.2	1.9498693137965826	0.00507007089596593	0.027060799999999996	0	600
29	1744407079.284443	0.428999713	0.001	0.207	1.9518084048729407	0.005071490169699202	0.0270996	0	600
30	1744407079.6875467	0.429283501	0.001	0.214	1.953037572068341	0.005072390392258534	0.026984200000000003	0	600
31	1744407080.0885534	0.429573704	0.001	0.221	1.9542945244680432	0.005073311414546995	0.027128600000000003	0	600
32	1744407080.4911172	0.429920127	0.001	0.229	1.9557949818070854	0.005074411459053757	0.027118999999999997	0	600
33	1744407080.894826	0.430482982	0.001	0.236	1.958232868193286	0.005076200151452782	0.027171800000000003	0	600
34	1744407081.296266	0.43066085	0.001	0.243	1.9590032654994138	0.005076765752183949	0.0271678	0	600
35	1744407081.7041805	0.431108198	0.001	0.25	1.9609408579505672	0.0050781890237423894	0.027106400000000003	0	600
36	1744407082.1042438	0.431532828	0.001	0.257	1.9627800522300392	0.005079541013772285	0.027229000000000003	0	600
37	1744407082.5049949	0.431685086	0.001	0.264	1.9634395252832946	0.005080026028289214	0.027199	0	600
38	1744407082.906923	0.431943754	0.001	0.271	1.9645598905563146	0.005080850295548411	0.0271874	0	600
39	1744407083.3159802	0.432467755	0.001	0.279	1.9668294891283364	0.005082521171583442	0.0271388	0	600
40	1744407083.7162416	0.432913148	0.001	0.286	1.9687586139139541	0.0050839425514249866	0.0273202	0	600
41	1744407084.1146195	0.433146668	0.001	0.293	1.9697700559885658	0.005084688208023896	0.0273048	0	600
42	1744407084.5167646	0.433416241	0.001	0.3	1.9709376539432557	0.005085549350008469	0.0272262	0	600
43	1744407084.9198215	0.433967431	0.001	0.307	1.9733250158698796	0.005087311321384356	0.027272400000000002	0	600
44	1744407085.3211868	0.43416779	0.001	0.314	1.9741928281456036	0.0050879522061362484	0.027456	0	600
45	1744407085.7254505	0.434422047	0.001	0.321	1.9752940881129062	0.005088765803053238	0.0274042	0	600
46	1744407086.1266806	0.434859918	0.001	0.329	1.9771906329598241	0.0050901677576393545	0.0273152	0	600
47	1744407086.528686	0.43530019	0.001	0.336	1.9790975772261539	0.005091578433848143	0.0273152	0	600
48	1744407086.931194	0.43550318	0.001	0.343	1.9799767851172356	0.0050922291834800135	0.027336199999999998	0	600
49	1744407087.3354833	0.435643887	0.001	0.35	1.9805862274776005	0.005092680394167179	0.0274164	0	600
50	1744407087.736791	0.435890416	0.001	0.35	1.9816540152611388	0.00509347120341055	0.027371	0	600
51	1744407088.139393	0.43569774	0.001	0.343	1.9808194802612766	0.005092853114694378	0.027337800000000002	0	600
52	1744407088.5426795	0.43558974	0.001	0.336	1.9803517012956289	0.005092506746325766	0.027394399999999996	0	600
53	1744407088.9433403	0.435279531	0.001	0.329	1.9790080971738269	0.005091512217137174	0.027318799999999997	0	600
54	1744407089.347312	0.434834698	0.001	0.322	1.9770813979087718	0.005090086981593237	0.0272614	0	600
55	1744407089.751382	0.434655515	0.001	0.315	1.9763053049606083	0.00508951318210792	0.0273238	0	600
56	1744407090.1511629	0.434431115	0.001	0.308	1.9753333642208737	0.005088794826138127	0.0273638	0	600
57	1744407090.5548172	0.434062905	0.001	0.3	1.9737385411380854	0.005087616685534436	0.0272706	0	600
58	1744407090.9681947	0.433595417	0.001	0.293	1.9717137165724121	0.005086121937465375	0.027233600000000004	0	600
59	1744407091.3585393	0.433396949	0.001	0.286	1.9708540947598736	0.005085487709402336	0.0272874	0	600
60	1744407091.7689748	0.433137096	0.001	0.279	1.9697285969120917	0.005084657637757706	0.0272542	0	600
61	1744407092.1689587	0.432711742	0.001	0.272	1.9678862667810353	0.005083299673752988	0.027158599999999998	0	600
62	1744407092.5689712	0.432575912	0.001	0.265	1.967297948105999	0.0050828662343516545	0.027205799999999995	0	600
63	1744407092.9709108	0.432205054	0.001	0.258	1.9656916557759787	0.005081683315345783	0.027222800000000002	0	600
64	1744407093.3722448	0.431753959	0.001	0.251	1.9637378339934897	0.0050802454627058334	0.027235799999999998	0	600
65	1744407093.7751908	0.431278455	0.001	0.244	1.9616782898334773	0.005078730992614317	0.027216200000000003	0	600
66	1744407094.1785226	0.431106944	0.001	0.237	1.9609354265170216	0.005078185032538929	0.027208799999999998	0	600
67	1744407094.5793228	0.430817755	0.001	0.23	1.9596828660420524	0.0050772648345036074	0.027144400000000003	0	600
68	1744407094.9824715	0.430299068	0.001	0.223	1.9574362839276551	0.005075615504565121	0.027179599999999998	0	600
69	1744407095.3836863	0.430101418	0.001	0.216	1.9565802051076526	0.005074987395588098	0.027174999999999998	0	600
70	1744407095.7861166	0.429782426	0.001	0.209	1.955198559294598	0.005073974120540756	0.027174999999999998	0	600
71	1744407096.190368	0.429318879	0.001	0.201	1.9531908043298842	0.005072502647664795	0.027122799999999996	0	600
72	1744407096.590791	0.428886038	0.001	0.194	1.951316045855163	0.005071129695951821	0.027113599999999998	0	600
73	1744407096.9943736	0.428685185	0.001	0.187	1.9504460939237998	0.0050704929437605665	0.0270822	0	600
74	1744407097.395907	0.428362475	0.001	0.18	1.9490483443867241	0.005069470332931113	0.0270774	0	600
75	1744407097.799303	0.427820835	0.001	0.173	1.9467023462482664	0.005067755239634558	0.027072600000000002	0	600
76	1744407098.2025068	0.42778568	0.001	0.166	1.9465500798636615	0.005067643976907968	0.027071799999999997	0	600
77	1744407098.6041243	0.42737228	0.001	0.159	1.9447595259340433	0.005066336102199464	0.027045999999999997	0	600
78	1744407099.0065737	0.426906717	0.001	0.152	1.9427430390953042	0.005064864309468961	0.026951799999999998	0	600
79	1744407099.4108915	0.426416333	0.001	0.145	1.9406190453889136	0.005063315322563778	0.026994200000000003	0	600
80	1744407099.811654	0.426215215	0.001	0.138	1.9397479456665698	0.005062680424545311	0.027044600000000002	0	600
81	1744407100.215171	0.425895892	0.001	0.131	1.9383648661976114	0.005061672823730108	0.0269618	0	600
82	1744407100.6187985	0.425391108	0.001	0.124	1.936178501962468	0.005060081145859275	0.0269038	0	600
83	1744407101.022904	0.425255243	0.001	0.117	1.9355900316923964	0.005059652975196583	0.026983799999999995	0	600
84	1744407101.4227924	0.424929898	0.001	0.11	1.9341808692148161	0.005058628078055985	0.0269772	0	600
85	1744407101.824161	0.424438647	0.001	0.103	1.9320531202828404	0.0050570816396189305	0.026917000000000003	0	600
86	1744407102.226677	0.424293569	0.001	0.095	1.931424745868227	0.005056625191670233	0.026860600000000002	0	600
87	1744407102.6326568	0.423996803	0.001	0.088	1.930139367233788	0.005055691857048136	0.0268872	0	600
88	1744407103.0323806	0.423473008	0.001	0.081	1.9278706609068306	0.005054045685554815	0.026852400000000005	0	600
89	1744407103.4343705	0.422886745	0.001	0.074	1.925331387761113	0.005052204969515266	0.026735799999999997	0	600
90	1744407103.8358521	0.422673445	0.001	0.067	1.9244075243039587	0.005051535728477414	0.0267656	0	600
91	1744407104.2404387	0.422372487	0.001	0.06	1.9231039889155939	0.005050591879020326	0.0269422	0	600
92	1744407104.643625	0.421794793	0.001	0.053	1.920601830565771	0.0050487815341547565	0.026801	0	600
93	1744407105.046904	0.421692079	0.001	0.046	1.9201569467817197	0.005048459846344546	0.026750599999999996	0	600
94	1744407105.4470854	0.421208382	0.001	0.039	1.9180619163896189	0.005046945743810381	0.026769000000000005	0	600
95	1744407105.85025	0.420686408	0.001	0.032	1.9158010973357764	0.005045313264529442	0.026639200000000002	0	600
96	1744407106.251703	0.420493918	0.001	0.025	1.914967367955244	0.005044711627699376	0.026708799999999998	0	600
97	1744407106.6552606	0.420159321	0.001	0.018	1.9135181324129398	0.005043666313228942	0.0266758	0	600
98	1744407107.0588496	0.419647152	0.001	0.011	1.911299781625377	0.0050420674387154215	0.026651599999999998	0	600
99	1744407107.4602668	0.419054832	0.001	0.004	1.9087342738760025	0.005040220151778657	0.0266874	0	600
100	1744407107.8622057	0.4189197	0.001	-0.004	1.908148978439096	0.005039798982155148	0.0266204	0	600
101	1744407108.2682116	0.418516355	0.001	-0.011	1.906401975597437	0.005038542464376699	0.0265838	0	600
102	1744407108.6675553	0.418006891	0.001	-0.018	1.9041953409404486	0.0050369566428126065	0.026568600000000005	0	600
103	1744407109.0700765	0.41745786	0.001	-0.025	1.9018173302618515	0.005035249264441672	0.0264598	0	600
104	1744407109.4717846	0.417298277	0.001	-0.032	1.9011261305333795	0.005034753305142956	0.0265488	0	600
105	1744407109.8754427	0.416939218	0.001	-0.039	1.8995709430553565	0.005033637920109179	0.026330199999999998	0	600
106	1744407110.2784705	0.416477909	0.001	-0.046	1.8975728815103197	0.005032205951387751	0.026441399999999997	0	600
107	1744407110.6804292	0.416271084	0.001	-0.053	1.896677063134671	0.005031564319694545	0.026357800000000004	0	600
108	1744407111.0831141	0.415956561	0.001	-0.06	1.8953147738419633	0.005030589031452191	0.026354	0	600
109	1744407111.48597	0.415444756	0.001	-0.067	1.8930979996427661	0.005029003173699381	0.0261124	0	600
110	1744407111.8908281	0.41528318	0.001	-0.074	1.8923981676598631	0.005028502822735791	0.026305399999999996	0	600
111	1744407112.2907195	0.414850625	0.001	-0.081	1.8905246479331435	0.005027164046694081	0.025822400000000002	0	600
112	1744407112.7108018	0.414419179	0.001	-0.088	1.8886559316033953	0.005025829738178891	0.025456600000000003	0	600
113	1744407113.0989108	0.413883464	0.001	-0.095	1.8863355963387474	0.005024174402842213	0.025469200000000004	0	600
114	1744407113.4991727	0.413657326	0.001	-0.103	1.8853561278226951	0.005023476125728501	0.025572	0	600
115	1744407113.899195	0.413342665	0.001	-0.11	1.8839932408124205	0.0050225049776855095	0.0252186	0	600
116	1744407114.302901	0.412740856	0.001	-0.117	1.88138663348337	0.005020649131908074	0.025160599999999998	0	600
117	1744407114.7065825	0.412561692	0.001	-0.124	1.880610622829654	0.005020097019736762	0.025263599999999997	0	600
118	1744407115.1071548	0.412264345	0.001	-0.131	1.8793227277176314	0.005019181109717974	0.0251108	0	600
119	1744407115.5113375	0.411709219	0.001	-0.138	1.876918317846482	0.00501747249051034	0.025145399999999995	0	600
120	1744407115.9123082	0.411625126	0.001	-0.145	1.8765540869524246	0.005017213811225975	0.025097599999999998	0	600
121	1744407116.3188362	0.411222633	0.001	-0.152	1.8748107743670503	0.005015976245833449	0.0251158	0	600
122	1744407116.7228386	0.410728192	0.001	-0.159	1.8726692086304408	0.005014457203126535	0.0252278	0	600
123	1744407117.1200414	0.410123598	0.001	-0.166	1.8700505386678778	0.0050126016030002185	0.0250162	0	600
124	1744407117.5224204	0.410027256	0.001	-0.173	1.8696332538428	0.00501230610238518	0.025097200000000004	0	600
125	1744407117.926638	0.409607937	0.001	-0.18	1.8678170630270923	0.005011020571168609	0.025036799999999998	0	600
126	1744407118.3275845	0.409143277	0.001	-0.187	1.8658044873402604	0.005009597187030354	0.0249654	0	600
127	1744407118.7308657	0.408916868	0.001	-0.194	1.8648238450455072	0.005008904071648186	0.025053199999999998	0	600
128	1744407119.1344562	0.408473434	0.001	-0.201	1.862903205250572	0.005007547402491874	0.024991199999999998	0	600
129	1744407119.53425	0.408121177	0.001	-0.209	1.8613774791848112	0.0050064704732929195	0.0249166	0	600
130	1744407119.9381363	0.407620899	0.001	-0.216	1.8592106317276234	0.005004942209663008	0.025129600000000002	0	600
131	1744407120.3400786	0.407397994	0.001	-0.223	1.8582451662615336	0.005004261726598162	0.024900000000000002	0	600
132	1744407120.742566	0.407070448	0.001	-0.23	1.8568264706218849	0.00500326230370592	0.0249522	0	600
133	1744407121.1467392	0.406529242	0.001	-0.237	1.8544823522618636	0.005001612276514111	0.0249934	0	600
134	1744407121.5480757	0.406356236	0.001	-0.244	1.8537330136717631	0.00500108516467531	0.024920599999999998	0	600
135	1744407121.9501429	0.405949592	0.001	-0.251	1.8519717219152185	0.0049998468733380335	0.0247626	0	600
136	1744407122.356654	0.405432223	0.001	-0.258	1.8497308484367165	0.00499827275739805	0.024743	0	600
137	1744407122.7582304	0.404974579	0.001	-0.265	1.847748661057505	0.004996881617786048	0.024822	0	600
138	1744407123.160099	0.404824954	0.001	-0.272	1.8471005922821806	0.00499642704675389	0.024797599999999996	0	600
139	1744407123.5716171	0.404516312	0.001	-0.279	1.8457637752866674	0.00499548977123874	0.0247696	0	600
140	1744407123.9623697	0.404021859	0.001	-0.286	1.8436221575746172	0.004993989353903537	0.0249778	0	600
141	1744407124.3658807	0.403848493	0.001	-0.293	1.842871259721298	0.004993463602760599	0.0248204	0	600
142	1744407124.7704723	0.40356933	0.001	-0.3	1.841662124726973	0.004992617368745225	0.024648	0	600
143	1744407125.170516	0.403080752	0.001	-0.308	1.839545953324397	0.00499113739313621	0.0246862	0	600
144	1744407125.574474	0.402524387	0.001	-0.315	1.8371361769890027	0.004989453730251956	0.024745399999999997	0	600
145	1744407125.975946	0.402360857	0.001	-0.322	1.8364278816718513	0.004988959192667315	0.024598199999999997	0	600
146	1744407126.378599	0.401915482	0.001	-0.329	1.8344988348493945	0.004987613087016757	0.0246832	0	600
147	1744407126.781783	0.401411177	0.001	-0.336	1.8323145453005893	0.004986090232621516	0.0248706	0	600
148	1744407127.1866257	0.401286172	0.001	-0.343	1.8317731128042856	0.004985712977723797	0.0247374	0	600
149	1744407127.5859172	0.400940808	0.001	-0.35	1.8302772422978786	0.004984671159832643	0.024742399999999998	0	600
150	1744407127.98783	0.400727797	0.001	-0.35	1.8293546305825863	0.004984028934030831	0.0246736	0	600
151	1744407128.390825	0.401038481	0.001	-0.343	1.8307002920655797	0.00498496572928818	0.024716800000000004	0	600
152	1744407128.794232	0.401135343	0.001	-0.336	1.8311198291597515	0.004985257906534345	0.024669199999999995	0	600
153	1744407129.1984353	0.401294499	0.001	-0.329	1.8318091794287945	0.004985738105165301	0.024763199999999996	0	600
154	1744407129.599367	0.40176729	0.001	-0.322	1.8338569728079384	0.004987165440170406	0.024712	0	600
155	1744407130.0028834	0.401873237	0.001	-0.315	1.834315859641952	0.004987485463884611	0.024660599999999998	0	600
156	1744407130.404343	0.402075116	0.001	-0.308	1.835190255473489	0.004988095436689069	0.024639799999999996	0	600
157	1744407130.8062751	0.402630005	0.001	-0.3	1.837593638829686	0.004989773214594727	0.024614399999999998	0	600
158	1744407131.2111597	0.403052423	0.001	-0.293	1.8394232523029355	0.004991051621909318	0.0245758	0	600
159	1744407131.6117253	0.403151822	0.001	-0.286	1.8398537778715134	0.004991352590598733	0.0247328	0	600
160	1744407132.0149455	0.403437932	0.001	-0.279	1.8410930023146752	0.004992219211512453	0.0246598	0	600
161	1744407132.415579	0.403851532	0.001	-0.272	1.8428844225016372	0.004993472817390234	0.024581200000000004	0	600
162	1744407132.8187625	0.403974558	0.001	-0.265	1.8434172833815237	0.004993845891613071	0.0248232	0	600
163	1744407133.2248118	0.40437354	0.001	-0.258	1.8451453888192277	0.004995056387539295	0.0246944	0	600
164	1744407133.6242356	0.404761169	0.001	-0.251	1.8468243211588116	0.004996233302039965	0.024740599999999998	0	600
165	1744407134.027167	0.405202894	0.001	-0.244	1.8487375587847443	0.004997575498429393	0.024767199999999996	0	600
166	1744407134.4353018	0.405413716	0.001	-0.237	1.8496506893134088	0.004998216477119118	0.024829	0	600
167	1744407134.830727	0.405579026	0.001	-0.23	1.8503666943209203	0.0049987192577817625	0.0247278	0	600
168	1744407135.2342358	0.406152176	0.001	-0.223	1.8528491713038922	0.005000463655045606	0.024734199999999998	0	600
169	1744407135.6357894	0.406310093	0.001	-0.216	1.8535331551086902	0.005000944605460309	0.024706399999999996	0	600
170	1744407136.0387454	0.406520042	0.001	-0.209	1.8544425044240493	0.005001584241855552	0.0247058	0	600
171	1744407136.442315	0.407121651	0.001	-0.201	1.8570482454957558	0.005003418496724122	0.024780199999999995	0	600
172	1744407136.8434565	0.407686371	0.001	-0.194	1.859494209731687	0.005005142135332321	0.0247424	0	600
173	1744407137.2464392	0.407775467	0.001	-0.187	1.8598801100531996	0.005005414238129076	0.024667599999999994	0	600
174	1744407137.6503854	0.408188444	0.001	-0.18	1.8616688318485355	0.005006676069820389	0.024708	0	600
175	1744407138.0522783	0.40863923	0.001	-0.173	1.8636213152634287	0.005008054519653564	0.024691800000000003	0	600
176	1744407138.4534335	0.408799974	0.001	-0.166	1.8643175436157813	0.0050085463317864985	0.024653599999999998	0	600
177	1744407138.858682	0.40906865	0.001	-0.159	1.8654812564062844	0.005009368696469134	0.0247862	0	600
178	1744407139.2599192	0.409501773	0.001	-0.152	1.8673572363038606	0.005010695254260004	0.024925999999999997	0	600
179	1744407139.6620123	0.410063188	0.001	-0.145	1.8697888856371856	0.005012416307096096	0.024579399999999998	0	600
180	1744407140.0625722	0.410117889	0.001	-0.138	1.8700258113519994	0.005012584090880324	0.024763	0	600
181	1744407140.4659956	0.410462249	0.001	-0.131	1.8715173332465405	0.005013640727442361	0.0248222	0	600
182	1744407140.8700063	0.410910159	0.001	-0.124	1.87345735988083	0.005015016090868076	0.024525200000000004	0	600
183	1744407141.2704074	0.411050774	0.001	-0.117	1.8740664037628165	0.0050154480982509035	0.024701800000000003	0	600
184	1744407141.6737046	0.411361562	0.001	-0.11	1.8754125156996286	0.005016403315463362	0.0250156	0	600
185	1744407142.0783355	0.411945571	0.001	-0.103	1.8779420261250819	0.00501819974667964	0.024914399999999996	0	600
186	1744407142.4800868	0.412067391	0.001	-0.095	1.8784696634731854	0.005018574709188627	0.0249042	0	600
187	1744407142.8841083	0.412384954	0.001	-0.088	1.8798451198775188	0.005019552558938447	0.024856	0	600
188	1744407143.2878501	0.412820551	0.001	-0.081	1.8817318153784373	0.005020894777705619	0.0248886	0	600
189	1744407143.6872725	0.413425417	0.001	-0.074	1.884351663450988	0.005022760324334334	0.024951400000000002	0	600
190	1744407144.0897853	0.413558154	0.001	-0.067	1.8849265854562025	0.005023169988608145	0.024878999999999995	0	600
191	1744407144.4918861	0.413899705	0.001	-0.06	1.88640594076635	0.005024224563342675	0.024949000000000002	0	600
192	1744407144.8947833	0.414446044	0.001	-0.053	1.8887722916211	0.005025912791839746	0.0249404	0	600
193	1744407145.2979922	0.414545971	0.001	-0.046	1.8892051041090656	0.005026221753276937	0.0249004	0	600
194	1744407145.698525	0.414954401	0.001	-0.039	1.8909741315436903	0.005027485143095461	0.024872000000000002	0	600
195	1744407146.104098	0.41538142	0.001	-0.032	1.892823673267134	0.005028807024409572	0.0249488	0	600
196	1744407146.5059683	0.415525901	0.001	-0.025	1.893449461903576	0.005029254509334316	0.0250076	0	600
197	1744407146.9073298	0.415903922	0.001	-0.018	1.895086779240364	0.005030425859426434	0.0249546	0	600
198	1744407147.3095343	0.416424797	0.001	-0.011	1.8973428382101023	0.005032041159810694	0.0251006	0	600
199	1744407147.7133064	0.416953026	0.001	-0.004	1.8996307494623719	0.005033680800256388	0.025140199999999994	0	600
200	1744407148.1141014	0.417171802	0.001	0.004	1.900578331045599	0.005034360340399492	0.025102400000000004	0	600
201	1744407148.5176961	0.417609656	0.001	0.011	1.9024748022606426	0.005035721153568107	0.025007599999999998	0	600
202	1744407148.9196446	0.418155489	0.001	0.018	1.9048389614843126	0.00503741903961194	0.025036799999999998	0	600
203	1744407149.3214092	0.418692618	0.001	0.025	1.907165421188381	0.005039091456137477	0.025223599999999995	0	600
204	1744407149.7257369	0.418871076	0.001	0.032	1.9079383739536733	0.005039647459019669	0.025181199999999997	0	600
205	1744407150.1280415	0.419219478	0.001	0.039	1.9094474029091322	0.00504073344449104	0.025135400000000002	0	600
206	1744407150.5294776	0.419748356	0.001	0.046	1.9117381251664824	0.005042383260035511	0.025306600000000002	0	600
207	1744407150.9470387	0.419835775	0.001	0.053	1.9121167619201673	0.005042656108698873	0.0252148	0	600
208	1744407151.334802	0.420238762	0.001	0.06	1.9138622141611807	0.005043914439131613	0.0255038	0	600
209	1744407151.738258	0.42079891	0.001	0.067	1.916288375754233	0.005045664989246326	0.025529800000000002	0	600
210	1744407152.1390822	0.420954675	0.001	0.074	1.9169630386300116	0.005046152085576059	0.025629600000000002	0	600
211	1744407152.5425043	0.421361688	0.001	0.081	1.9187259286313558	0.005047425494138636	0.0256916	0	600
212	1744407152.9428604	0.421737489	0.001	0.088	1.9203536305116278	0.0050486020578316484	0.0259558	0	600
213	1744407153.3497841	0.422175857	0.001	0.095	1.9222523280080448	0.0050499754857375005	0.026195399999999997	0	600
214	1744407153.7512522	0.422513465	0.001	0.103	1.9237146050546594	0.00505103394544325	0.0261896	0	600
215	1744407154.1512346	0.422896129	0.001	0.11	1.9253720325556836	0.00505223441807342	0.026411200000000003	0	600
216	1744407154.5533805	0.423533376	0.001	0.117	1.9281321320234808	0.0050542353323627855	0.0263548	0	600
217	1744407154.9573052	0.423642093	0.001	0.124	1.9286030165217058	0.005054576918371536	0.026367799999999997	0	600
218	1744407155.3598676	0.424057393	0.001	0.131	1.93040179989609	0.005055882374672815	0.0264422	0	600
219	1744407155.7622228	0.424485627	0.001	0.138	1.932256604132897	0.00505722947385756	0.026483600000000003	0	600
220	1744407156.1656122	0.424658886	0.001	0.145	1.9330070385385374	0.005057774780407457	0.026462399999999997	0	600
221	1744407156.5654936	0.424981531	0.001	0.152	1.9344045065419764	0.005058790693082872	0.026489600000000002	0	600
222	1744407156.9697874	0.425517003	0.001	0.159	1.9367237893039513	0.005060477986380885	0.0266826	0	600
223	1744407157.3726	0.425981983	0.001	0.166	1.9387377510025334	0.005061944423093218	0.026626	0	600
224	1744407157.7741363	0.426203354	0.001	0.173	1.939696572274796	0.005062642988093788	0.026530199999999997	0	600
225	1744407158.177509	0.426561713	0.001	0.18	1.941248727852116	0.00506377440135883	0.0265684	0	600
226	1744407158.5791543	0.427175446	0.001	0.187	1.9439069814440035	0.005065713703755938	0.026605800000000002	0	600
227	1744407158.9818654	0.427344711	0.001	0.194	1.9446401166904883	0.005066248915052315	0.026694600000000002	0	600
228	1744407159.3854566	0.427683792	0.001	0.201	1.94610877372244	0.005067321547496442	0.026580799999999998	0	600
229	1744407159.7899873	0.428188955	0.001	0.209	1.94829677951525	0.00506892071193091	0.0266694	0	600
230	1744407160.1894088	0.428708722	0.001	0.216	1.9505480394193038	0.005070567550403706	0.026798	0	600
231	1744407160.5916452	0.428944139	0.001	0.223	1.951567697944821	0.005071313930764691	0.026718000000000002	0	600
232	1744407160.9944499	0.429266568	0.001	0.23	1.9529642303903287	0.0050723366657594825	0.026794400000000003	0	600
233	1744407161.3976545	0.429752344	0.001	0.237	1.9550682655275182	0.005073878593709022	0.026850400000000003	0	600
234	1744407161.7995656	0.429921097	0.001	0.244	1.9557991831552028	0.005074414540137933	0.026822400000000003	0	600
235	1744407162.2059345	0.43026299	0.001	0.251	1.9572800197654083	0.005075500837098904	0.026918200000000003	0	600
236	1744407162.6055994	0.430809358	0.001	0.258	1.9596464962274731	0.00507723812202347	0.0269936	0	600
237	1744407163.0078344	0.431297718	0.001	0.265	1.9617617234095444	0.005078792321196858	0.026990999999999998	0	600
238	1744407163.4163556	0.43149069	0.001	0.272	1.9625975404702756	0.005079406806146725	0.0269882	0	600
239	1744407163.8286011	0.431753481	0.001	0.279	1.9637357636384378	0.005080243939674893	0.0270424	0	600
240	1744407164.2151434	0.432321733	0.001	0.286	1.9661970259790602	0.005082055404518989	0.027059	0	600
241	1744407164.617215	0.432530596	0.001	0.293	1.9671016715170424	0.0050827216510889945	0.0270998	0	600
242	1744407165.0218303	0.432747451	0.001	0.3	1.9680409326984827	0.005083413639168796	0.0270214	0	600
243	1744407165.4259744	0.433323568	0.001	0.308	1.9705362606091497	0.005085253265208277	0.0270892	0	600
244	1744407165.8254285	0.433761967	0.001	0.315	1.9724350923754552	0.0050866543307844245	0.027038600000000003	0	600
245	1744407166.2272406	0.434041874	0.001	0.322	1.973647449847099	0.005087549415765508	0.0270534	0	600
246	1744407166.6301596	0.434221997	0.001	0.329	1.9744276142047783	0.005088125634062969	0.0271584	0	600
247	1744407167.0337088	0.43471597	0.001	0.336	1.9765671528992033	0.005089706758544799	0.0271842	0	600
248	1744407167.434175	0.434964205	0.001	0.343	1.9776423298578842	0.005090501810083205	0.027116	0	600
249	1744407167.8376594	0.435374257	0.001	0.35	1.979418382639567	0.005091815853884217	0.0272094	0	600
