	t	Vhall	err_Vhall	I_fuente	B	err_B	Vdiodo	err_Vdiodo	frec_TTL
0	1744406346.947915	0.435215958	0.001	0.0	1.9787327442832425	0.005091308465781052	0.11805399999999999	0	600
1	1744406347.4117455	0.435553175	0.001	0.007	1.98019332779675	0.0050923894923032235	0.11874449999999999	0	600
2	1744406347.8136337	0.435664238	0.001	0.014	1.9806743734936179	0.005092745663277179	0.11835699999999998	0	600
3	1744406348.2209494	0.435977778	0.001	0.021	1.9820324051314806	0.005093751518821272	0.11841549999999998	0	600
4	1744406348.6214397	0.43620575	0.001	0.029	1.9830198172273754	0.005094483196524784	0.11861250000000001	0	600
5	1744406349.0210142	0.436577732	0.001	0.036	1.9846309779236677	0.005095677670732061	0.11886649999999999	0	600
6	1744406349.430858	0.436845307	0.001	0.043	1.9857899219674935	0.005096537339153134	0.119007	0	600
7	1744406349.8275726	0.437244228	0.001	0.05	1.9875177631967076	0.005097819706209109	0.118998	0	600
8	1744406350.2284076	0.437696859	0.001	0.057	1.9894782378355973	0.0050992757552212374	0.1191465	0	600
9	1744406350.6313276	0.437793762	0.001	0.064	1.9898979525125244	0.005099587619992775	0.11903250000000001	0	600
10	1744406351.0329683	0.438162722	0.001	0.071	1.991496024060352	0.005100775508163371	0.119237	0	600
11	1744406351.4362009	0.43867722	0.001	0.079	1.9937244624146835	0.0051024331725963296	0.119363	0	600
12	1744406351.8390732	0.439114593	0.001	0.086	1.9956188502808154	0.0051038434532015816	0.11920199999999999	0	600
13	1744406352.2410588	0.439167157	0.001	0.093	1.9958465200359106	0.005104013010732353	0.11948700000000001	0	600
14	1744406352.6431174	0.439505555	0.001	0.1	1.9973122187990333	0.005105104943950574	0.119492	0	600
15	1744406353.0475824	0.440034414	0.001	0.107	1.9996028587619359	0.005106812667431652	0.119578	0	600
16	1744406353.4488401	0.44015595	0.001	0.114	2.0001292660246115	0.005107205325298412	0.119438	0	600
17	1744406353.8512285	0.440471734	0.001	0.121	2.0014970170698714	0.005108225924262729	0.119905	0	600
18	1744406354.2554142	0.440959882	0.001	0.129	2.0036113260191586	0.005109804634096356	0.11963599999999999	0	600
19	1744406354.6555996	0.441402065	0.001	0.136	2.005526547374408	0.005111235777257799	0.11984350000000002	0	600
20	1744406355.0592108	0.441552094	0.001	0.143	2.006176365989567	0.005111721586971781	0.1190855	0	600
21	1744406355.461013	0.441833465	0.001	0.15	2.0073950644649674	0.005112633016509229	0.11962950000000001	0	600
22	1744406355.8638709	0.442398943	0.001	0.157	2.0098443118162317	0.005114466002111087	0.1197745	0	600
23	1744406356.267169	0.442547162	0.001	0.164	2.010486290802429	0.005114946730059946	0.119754	0	600
24	1744406356.6689222	0.442907462	0.001	0.171	2.0120468534072704	0.005116115796534605	0.11969500000000002	0	600
25	1744406357.071492	0.443442764	0.001	0.179	2.014365399850503	0.005117853955407166	0.11946799999999999	0	600
26	1744406357.4755242	0.443679346	0.001	0.186	2.015390104325048	0.005118622632568602	0.11969649999999998	0	600
27	1744406357.8758092	0.443905411	0.001	0.193	2.0163692566571703	0.005119357414144614	0.12006349999999999	0	600
28	1744406358.2816627	0.444312611	0.001	0.2	2.0181329566091306	0.005120681618801737	0.119651	0	600
29	1744406358.6846864	0.444702751	0.001	0.207	2.019822764809666	0.005121951162094674	0.120011	0	600
30	1744406359.0844796	0.444989431	0.001	0.214	2.021064458086257	0.005122884548658047	0.1207795	0	600
31	1744406359.4870338	0.445253244	0.001	0.221	2.022207107829446	0.00512374386483441	0.11981250000000002	0	600
32	1744406359.888593	0.445777194	0.001	0.229	2.0244764855058452	0.005125451605741439	0.1200855	0	600
33	1744406360.2953923	0.446295933	0.001	0.236	2.026723292847152	0.005127143779327772	0.1202775	0	600
34	1744406360.6951237	0.446486531	0.001	0.243	2.0275488274332125	0.005127765881223073	0.1203775	0	600
35	1744406361.0954597	0.446782751	0.001	0.25	2.0288318411851023	0.005128733105099253	0.120035	0	600
36	1744406361.4991133	0.447355073	0.001	0.257	2.0313107318626713	0.005130603162836576	0.12068050000000001	0	600
37	1744406361.9025848	0.447343012	0.001	0.264	2.0312584922135537	0.005130563735953345	0.1203135	0	600
38	1744406362.3033485	0.447488585	0.001	0.271	2.031889010615093	0.005131039658511704	0.120279	0	600
39	1744406362.7065926	0.448005612	0.001	0.279	2.0341284027935367	0.005132730872017405	0.12098600000000001	0	600
40	1744406363.1087286	0.448557656	0.001	0.286	2.0365194636390185	0.005134538167098702	0.1204685	0	600
41	1744406363.5117831	0.448748606	0.001	0.293	2.037346522838004	0.005135163673702618	0.1207445	0	600
42	1744406363.9154556	0.449057228	0.001	0.3	2.0386832532077825	0.0051361750473330435	0.12073799999999998	0	600
43	1744406364.3167758	0.449584164	0.001	0.307	2.0409655641063247	0.00513790299586064	0.12105849999999999	0	600
44	1744406364.7186918	0.44972562	0.001	0.314	2.0415782506004416	0.005138367109737124	0.12034850000000001	0	600
45	1744406365.123292	0.449941918	0.001	0.321	2.0425150992551795	0.005139076979706929	0.120767	0	600
46	1744406365.5236392	0.45053681	0.001	0.329	2.045091747073995	0.0051410306141319775	0.12084849999999998	0	600
47	1744406365.9278817	0.451053002	0.001	0.336	2.0473275226280285	0.005142727285746041	0.12129799999999999	0	600
48	1744406366.3293002	0.451131613	0.001	0.343	2.0476680094082926	0.005142985793577849	0.12134900000000001	0	600
49	1744406366.7312953	0.451444904	0.001	0.35	2.0490249625557624	0.00514401635170229	0.1210985	0	600
50	1744406367.1351507	0.451557099	0.001	0.35	2.0495109112691963	0.005144385536380708	0.12164100000000003	0	600
51	1744406367.5371118	0.451321514	0.001	0.343	2.0484905250875096	0.0051436104045181905	0.1213795	0	600
52	1744406367.938613	0.451226638	0.001	0.336	2.048079589928762	0.005143298320711842	0.120947	0	600
53	1744406368.3423812	0.45093404	0.001	0.329	2.0468122640973676	0.005142336146896688	0.12115799999999999	0	600
54	1744406368.7476516	0.450638134	0.001	0.322	2.0455306103695072	0.005141363546913725	0.12088399999999999	0	600
55	1744406369.1489756	0.450465954	0.001	0.315	2.0447848494222365	0.005140797825496428	0.12045999999999998	0	600
56	1744406369.5484705	0.450192782	0.001	0.308	2.0436016631666445	0.00513990059670472	0.12052700000000001	0	600
57	1744406369.9507864	0.449845046	0.001	0.3	2.0420955188481407	0.005138759024711773	0.12039700000000002	0	600
58	1744406370.354636	0.44924078	0.001	0.293	2.0394782695476215	0.0051367767939790665	0.1206045	0	600
59	1744406370.7569144	0.449155946	0.001	0.286	2.039110829170105	0.0051364986571202425	0.12055749999999998	0	600
60	1744406371.159828	0.448803407	0.001	0.279	2.0375838816814893	0.005135343223782665	0.12052199999999999	0	600
61	1744406371.5632658	0.44834436	0.001	0.272	2.035595617507011	0.005133839685059929	0.12106750000000002	0	600
62	1744406371.9646497	0.448261489	0.001	0.265	2.0352366794453243	0.005133568370751736	0.12012	0	600
63	1744406372.3669207	0.447925695	0.001	0.258	2.033782259352818	0.0051324693695249555	0.1193795	0	600
64	1744406372.7707374	0.447490494	0.001	0.251	2.0318972790414396	0.005131045900350575	0.12046399999999999	0	600
65	1744406373.172226	0.447054074	0.001	0.244	2.030007018891551	0.0051296194374604205	0.120204	0	600
66	1744406373.5753636	0.446876177	0.001	0.237	2.029236495978108	0.005129038256882151	0.12000050000000002	0	600
67	1744406373.9762223	0.446499364	0.001	0.23	2.0276044108356768	0.005127807774295079	0.12118950000000002	0	600
68	1744406374.3780334	0.446096407	0.001	0.223	2.0258590885332644	0.005126492740658696	0.12032050000000001	0	600
69	1744406374.7823822	0.44581032	0.001	0.216	2.0246199637096973	0.005125559623618864	0.119682	0	600
70	1744406375.187103	0.445677948	0.001	0.209	2.024046622624135	0.005125128016960513	0.12048750000000001	0	600
71	1744406375.5862062	0.445173906	0.001	0.201	2.021863472203737	0.005123485399346152	0.1202715	0	600
72	1744406375.9904852	0.444647481	0.001	0.194	2.0195833745927088	0.0051217712609782804	0.120448	0	600
73	1744406376.3921049	0.444548856	0.001	0.187	2.019156201440051	0.005121450281336329	0.12032400000000001	0	600
74	1744406376.794283	0.444204502	0.001	0.18	2.0176647055332304	0.005120329965934795	0.1206685	0	600
75	1744406377.1958976	0.443709679	0.001	0.173	2.0155214852450944	0.005118721208638867	0.11940899999999999	0	600
76	1744406377.5987804	0.443485705	0.001	0.166	2.0145513896335023	0.005117993452873336	0.11993699999999999	0	600
77	1744406378.003363	0.443192433	0.001	0.159	2.0132811445148593	0.005117040927246992	0.119929	0	600
78	1744406378.4052353	0.442619342	0.001	0.152	2.010798923077804	0.005115180877908047	0.1192955	0	600
79	1744406378.8076587	0.442149827	0.001	0.145	2.008765318993951	0.005113658289654181	0.11958899999999999	0	600
80	1744406379.2133024	0.442018761	0.001	0.138	2.008197634568844	0.005113233463896443	0.119899	0	600
81	1744406379.6122923	0.441662716	0.001	0.131	2.006655501588992	0.005112079868827357	0.11954100000000001	0	600
82	1744406380.0145125	0.441135057	0.001	0.124	2.004370059170152	0.005110371471434756	0.11956599999999999	0	600
83	1744406380.416791	0.44102274	0.001	0.117	2.0038835820397387	0.0051100080135261655	0.11958400000000002	0	600
84	1744406380.819854	0.440622366	0.001	0.11	2.002149447450922	0.005108712945739819	0.11952449999999999	0	600
85	1744406381.2229748	0.440178275	0.001	0.103	2.000225962000612	0.00510727746129663	0.11969150000000002	0	600
86	1744406381.6244938	0.440007048	0.001	0.095	1.999484328769585	0.005106724264296802	0.12007300000000001	0	600
87	1744406382.0273354	0.439624176	0.001	0.088	1.9978260003609232	0.005105487850649872	0.119333	0	600
88	1744406382.430824	0.439154598	0.001	0.081	1.9957921234060074	0.005103972497394256	0.119039	0	600
89	1744406382.8313773	0.438543065	0.001	0.074	1.9931433986449016	0.005102000802168737	0.11932999999999998	0	600
90	1744406383.235519	0.438422654	0.001	0.067	1.992621864079785	0.005101612808938038	0.1191325	0	600
91	1744406383.6392097	0.438124789	0.001	0.06	1.991331725361242	0.005100653347275406	0.1191915	0	600
92	1744406384.03946	0.437525379	0.001	0.053	1.98873550878903	0.005098724000326756	0.11939250000000001	0	600
93	1744406384.4426038	0.437307374	0.001	0.046	1.9877912666278632	0.005098022772361764	0.11937099999999998	0	600
94	1744406384.8447595	0.436934633	0.001	0.039	1.9861768184849513	0.005096824411852262	0.11992	0	600
95	1744406385.247661	0.436464792	0.001	0.032	1.9841418024016282	0.005095314930214951	0.1185905	0	600
96	1744406385.6512294	0.436234235	0.001	0.025	1.9831431939295652	0.005094574638822636	0.11865200000000001	0	600
97	1744406386.05243	0.435907789	0.001	0.018	1.9817292627053074	0.005093526944305318	0.119363	0	600
98	1744406386.4549406	0.435340266	0.001	0.011	1.979271157872703	0.005091706892888097	0.11909650000000001	0	600
99	1744406386.8590293	0.434912714	0.001	0.004	1.977419307573438	0.005090336866679975	0.1190925	0	600
100	1744406387.2592225	0.434633725	0.001	-0.004	1.9762109262230023	0.005089443415494114	0.1188545	0	600
101	1744406387.6622775	0.434214347	0.001	-0.011	1.9743944798613782	0.005088101157974116	0.11877800000000001	0	600
102	1744406388.0665755	0.433671836	0.001	-0.018	1.9720447091721884	0.005086366199786324	0.11754499999999998	0	600
103	1744406388.4673896	0.433011303	0.001	-0.025	1.9691837513618538	0.005084255936123804	0.117891	0	600
104	1744406388.8706784	0.43286514	0.001	-0.032	1.96855067750115	0.005083789292564175	0.11841499999999998	0	600
105	1744406389.276161	0.432467832	0.001	-0.039	1.9668298226374137	0.005082521417220938	0.11848649999999998	0	600
106	1744406389.6870131	0.432197264	0.001	-0.046	1.9656579150524383	0.005081658475652877	0.11807349999999998	0	600
107	1744406390.0782874	0.431999648	0.001	-0.053	1.964801983496184	0.0050810284537610795	0.11800949999999999	0	600
108	1744406390.4803677	0.431597817	0.001	-0.06	1.9630615382226178	0.0050797480195405595	0.118018	0	600
109	1744406390.8827555	0.431101628	0.001	-0.067	1.9609124013968238	0.0050781681129858135	0.11772500000000001	0	600
110	1744406391.2867975	0.430819319	0.001	-0.074	1.9596896401744806	0.00507726980993192	0.1167915	0	600
111	1744406391.688121	0.430368936	0.001	-0.081	1.9577389022681353	0.0050758375874704505	0.11708400000000001	0	600
112	1744406392.0902426	0.429924158	0.001	-0.088	1.9558124412238498	0.005074424263056467	0.11711	0	600
113	1744406392.4924994	0.429376346	0.001	-0.095	1.9534397103837629	0.0050726850065220845	0.115196	0	600
114	1744406392.8945575	0.429269235	0.001	-0.103	1.9529757819320084	0.005072345127746807	0.1157575	0	600
115	1744406393.2982771	0.428957201	0.001	-0.11	1.9516242732119442	0.005071355352103661	0.11588449999999999	0	600
116	1744406393.699604	0.428476513	0.001	-0.117	1.9495422756615808	0.0050698316347327355	0.11563300000000001	0	600
117	1744406394.1027613	0.428276498	0.001	-0.124	1.948675953348488	0.005069197982182407	0.115357	0	600
118	1744406394.50636	0.427832515	0.001	-0.131	1.946752935677144	0.005067792207371034	0.114855	0	600
119	1744406394.9071648	0.427381781	0.001	-0.138	1.9448006774891602	0.005066366150131111	0.114926	0	600
120	1744406395.310419	0.42722868	0.001	-0.145	1.9441375531612008	0.005065882011445568	0.11543750000000001	0	600
121	1744406395.712651	0.426938567	0.001	-0.152	1.942880990577303	0.005064964959953023	0.115299	0	600
122	1744406396.1147745	0.42634424	0.001	-0.159	1.9403067899354836	0.00506308771097233	0.115133	0	600
123	1744406396.5186288	0.425948205	0.001	-0.166	1.9385914487997404	0.005061837855657609	0.11472299999999999	0	600
124	1744406396.9207332	0.425730654	0.001	-0.173	1.9376491730427439	0.005061151644875856	0.11480349999999999	0	600
125	1744406397.3244655	0.425258127	0.001	-0.18	1.9356025231232936	0.005059662062910717	0.11511199999999999	0	600
126	1744406397.726269	0.424844501	0.001	-0.187	1.933810990322877	0.005058359157235229	0.11439249999999998	0	600
127	1744406398.1308239	0.424684951	0.001	-0.194	1.933119933526867	0.0050578568302282936	0.11418500000000001	0	600
128	1744406398.5313995	0.424260581	0.001	-0.201	1.9312818653819421	0.005056521420045306	0.1149145	0	600
129	1744406398.937316	0.423735919	0.001	-0.209	1.929009403829399	0.00505487176915974	0.11556799999999998	0	600
130	1744406399.3383083	0.423263241	0.001	-0.216	1.9269620998856545	0.005053386854835162	0.11491599999999999	0	600
131	1744406399.7408168	0.42307337	0.001	-0.223	1.9261397141450387	0.005052790720393728	0.11464250000000001	0	600
132	1744406400.139945	0.422726768	0.001	-0.23	1.9246384815056736	0.0050517030091190495	0.11500350000000001	0	600
133	1744406400.5498574	0.422245788	0.001	-0.237	1.9225552192195885	0.005050194680300625	0.11473649999999999	0	600
134	1744406400.9467525	0.422066355	0.001	-0.244	1.9217780434497451	0.00504963231205236	0.1147175	0	600
135	1744406401.3483875	0.421713132	0.001	-0.251	1.920248133361014	0.005048525777077745	0.11534449999999999	0	600
136	1744406401.7499049	0.421249837	0.001	-0.258	1.9182414698805534	0.005047075458885455	0.11511350000000001	0	600
137	1744406402.1542573	0.420706582	0.001	-0.265	1.9158884767140447	0.005045376331131429	0.11438499999999999	0	600
138	1744406402.5558329	0.42054089	0.001	-0.272	1.9151708171550068	0.005044858422182997	0.1150535	0	600
139	1744406402.9583817	0.420234701	0.001	-0.279	1.9138446248058152	0.005043901754168533	0.11486	0	600
140	1744406403.3622484	0.419747377	0.001	-0.286	1.9117338848367846	0.005042380204658256	0.11449400000000001	0	600
141	1744406403.7633948	0.419584757	0.001	-0.293	1.9110295309905472	0.005041872754433875	0.1150795	0	600
142	1744406404.1666484	0.419272041	0.001	-0.3	1.909675068332941	0.005040897343905835	0.115783	0	600
143	1744406404.5683343	0.418741643	0.001	-0.308	1.907377762519778	0.005039244180697429	0.11507350000000001	0	600
144	1744406404.9710588	0.418292305	0.001	-0.315	1.905431550808054	0.005037844881786409	0.115623	0	600
145	1744406405.374268	0.417939971	0.001	-0.322	1.903905491233216	0.005036748445679731	0.11463200000000003	0	600
146	1744406405.776359	0.417678801	0.001	-0.329	1.902774289080825	0.005035936147248213	0.114953	0	600
147	1744406406.1780233	0.417275338	0.001	-0.336	1.9010267751473333	0.005034682025849265	0.11497400000000002	0	600
148	1744406406.582579	0.417137389	0.001	-0.343	1.9004292784757397	0.005034253432633726	0.11497799999999998	0	600
149	1744406406.9836807	0.416850404	0.001	-0.35	1.8991862641566988	0.005033362137283363	0.115021	0	600
150	1744406407.3865826	0.416596094	0.001	-0.35	1.8980847746312	0.0050325727022015754	0.11431100000000001	0	600
151	1744406407.788789	0.416829233	0.001	-0.343	1.8990945664855718	0.005033296404109672	0.11418650000000001	0	600
152	1744406408.1923878	0.416917185	0.001	-0.336	1.8994755118150777	0.005033569499764354	0.114614	0	600
153	1744406408.5941653	0.417151905	0.001	-0.329	1.9004921514337518	0.005034298527384115	0.11468349999999998	0	600
154	1744406408.9984214	0.417520676	0.001	-0.322	1.9020894043683896	0.005035444525469684	0.11452399999999999	0	600
155	1744406409.3977463	0.417712702	0.001	-0.315	1.9029211240318846	0.005036041565832472	0.11439649999999998	0	600
156	1744406409.8042405	0.417926754	0.001	-0.308	1.9038482446166516	0.005036707328736949	0.11460499999999998	0	600
157	1744406410.2040005	0.418329488	0.001	-0.3	1.9055926010421251	0.00503796063237197	0.11496000000000002	0	600
158	1744406410.6064327	0.418731197	0.001	-0.293	1.9073325178987117	0.005039211637806586	0.114596	0	600
159	1744406411.0082147	0.418867656	0.001	-0.286	1.9079235609530942	0.005039636802034032	0.11468350000000001	0	600
160	1744406411.4143262	0.419195622	0.001	-0.279	1.9093440757331648	0.0050406590628823906	0.11397650000000001	0	600
161	1744406411.8141537	0.419609808	0.001	-0.272	1.911138034054144	0.005041950915749258	0.114673	0	600
162	1744406412.2185738	0.419726926	0.001	-0.265	1.9116453056920952	0.0050423163800009056	0.11484350000000002	0	600
163	1744406412.618743	0.420044969	0.001	-0.258	1.9130228411140533	0.00504330920729612	0.11487150000000002	0	600
164	1744406413.0219517	0.420502164	0.001	-0.251	1.9150030837455283	0.0050447373967978685	0.11457149999999998	0	600
165	1744406413.4243195	0.420979976	0.001	-0.244	1.917072624515288	0.005046231217496737	0.114567	0	600
166	1744406413.8261979	0.42097618	0.001	-0.237	1.9170561829509027	0.005046219344826032	0.11465500000000002	0	600
167	1744406414.230268	0.421378849	0.001	-0.23	1.9188002578427399	0.005047479205186527	0.11441950000000001	0	600
168	1744406414.631728	0.421871394	0.001	-0.223	1.9209336114597302	0.005049021476865776	0.11458900000000001	0	600
169	1744406415.0344546	0.421957872	0.001	-0.216	1.9213081724726122	0.005049292396654572	0.11426549999999999	0	600
170	1744406415.4383874	0.422234179	0.001	-0.209	1.922504937312068	0.005050158290725527	0.114487	0	600
171	1744406415.8387117	0.422756477	0.001	-0.201	1.9247671597028075	0.005051796216563289	0.1144435	0	600
172	1744406416.2426143	0.423211953	0.001	-0.194	1.9267399568524124	0.005053225807422943	0.11450750000000001	0	600
173	1744406416.6430292	0.423320006	0.001	-0.187	1.9272079653762564	0.005053565117125921	0.1144015	0	600
174	1744406417.0455532	0.423668118	0.001	-0.18	1.9287157382585667	0.0050546586978303925	0.1147165	0	600
175	1744406417.450375	0.424214433	0.001	-0.173	1.9310819851624355	0.0050563762604658455	0.114628	0	600
176	1744406417.8518846	0.424333045	0.001	-0.166	1.931595727742745	0.00505674938065255	0.11484099999999997	0	600
177	1744406418.2544663	0.424718727	0.001	-0.159	1.9332662270670868	0.005057963158959988	0.11429900000000001	0	600
178	1744406418.6558902	0.425148588	0.001	-0.152	1.9351280783073856	0.0050593169286035624	0.1148235	0	600
179	1744406419.0589087	0.425674733	0.001	-0.145	1.937406963158133	0.005060975297534684	0.114648	0	600
180	1744406419.464265	0.425807261	0.001	-0.138	1.9379809799244232	0.005061393253318669	0.11433200000000002	0	600
181	1744406419.8674657	0.426065543	0.001	-0.131	1.9390996733207697	0.005062208076231839	0.1156085	0	600
182	1744406420.2682762	0.426539609	0.001	-0.124	1.9411529890904802	0.005063704594272948	0.11495650000000002	0	600
183	1744406420.6701796	0.426697114	0.001	-0.117	1.94183518840515	0.0050642020719142535	0.11471150000000001	0	600
184	1744406421.0718868	0.427054891	0.001	-0.11	1.9433848231735993	0.005065332606966102	0.114931	0	600
185	1744406421.4738746	0.427578833	0.001	-0.103	1.9456541661997047	0.005066989458624476	0.1150895	0	600
186	1744406421.8758423	0.427753008	0.001	-0.095	1.9464085680639795	0.005067540578682514	0.114747	0	600
187	1744406422.2789485	0.427982314	0.001	-0.088	1.9474017580963574	0.0050682663936485175	0.11494149999999999	0	600
188	1744406422.682386	0.42845514	0.001	-0.081	1.9494497030705364	0.005069763914192891	0.114873	0	600
189	1744406423.0862725	0.429009059	0.001	-0.074	1.9518488850786162	0.005071519809823787	0.1150935	0	600
190	1744406423.4868553	0.42914616	0.001	-0.067	1.9524427088190721	0.00507195466946438	0.11478250000000001	0	600
191	1744406423.8897715	0.429521036	0.001	-0.06	1.9540664042591291	0.00507314422739539	0.11507300000000001	0	600
192	1744406424.2908087	0.430071153	0.001	-0.053	1.9564491187151032	0.0050748912355134575	0.11494499999999999	0	600
193	1744406424.6936092	0.430233451	0.001	-0.046	1.957152077887017	0.005075406957903841	0.11514049999999998	0	600
194	1744406425.0980206	0.430580318	0.001	-0.039	1.9586544583173626	0.005076509648118413	0.11541300000000002	0	600
195	1744406425.4996853	0.431133777	0.001	-0.032	1.9610516479335514	0.005078270437866784	0.11527050000000001	0	600
196	1744406425.9027267	0.431323343	0.001	-0.025	1.961872712631718	0.005078873907896627	0.11552900000000002	0	600
197	1744406426.3035548	0.431649551	0.001	-0.018	1.9632856130097365	0.005079912821163541	0.115388	0	600
198	1744406426.7066429	0.432195272	0.001	-0.011	1.965649287129294	0.005081652123886487	0.1154105	0	600
199	1744406427.110851	0.432759803	0.001	-0.004	1.968094432752035	0.005083453062220401	0.11545799999999999	0	600
200	1744406427.5118535	0.432917363	0.001	0.004	1.9687768702874746	0.005083956007817072	0.11539150000000001	0	600
201	1744406427.913718	0.433227201	0.001	0.011	1.9701188675019037	0.005084945427167458	0.11537349999999999	0	600
202	1744406428.3182652	0.433721259	0.001	0.018	1.9722587743556999	0.005086524189958397	0.11571499999999998	0	600
203	1744406428.7204704	0.434273059	0.001	0.025	1.974648778367222	0.005088289014385947	0.11591199999999999	0	600
204	1744406429.1221013	0.434369522	0.001	0.032	1.975066587277993	0.005088597699944356	0.11569099999999999	0	600
205	1744406429.5240316	0.434687107	0.001	0.039	1.976442138970634	0.005089614337004702	0.1158185	0	600
206	1744406429.9415443	0.435170907	0.001	0.046	1.9785376154852667	0.005091164090484731	0.1157155	0	600
207	1744406430.3318846	0.435486505	0.001	0.053	1.9799045609111972	0.005092175718110833	0.116354	0	600
208	1744406430.7315962	0.435752526	0.001	0.06	1.9810567741354614	0.0050930288434905555	0.116385	0	600
209	1744406431.1344497	0.436203519	0.001	0.067	1.9830101541267053	0.00509447603477094	0.11654950000000001	0	600
210	1744406431.5386446	0.436449047	0.001	0.074	1.9840736062922382	0.005095264365851548	0.11692600000000002	0	600
211	1744406431.9401517	0.43685044	0.001	0.081	1.9858121544622218	0.005096553834253029	0.11744299999999999	0	600
212	1744406432.342133	0.437450744	0.001	0.088	1.9884122432047604	0.0050984839032690585	0.11782300000000001	0	600
213	1744406432.7461522	0.437923585	0.001	0.095	1.9904602531482403	0.005100005510127363	0.11842250000000001	0	600
214	1744406433.14598	0.438000463	0.001	0.103	1.9907932338086205	0.005100253016690769	0.1187165	0	600
215	1744406433.5506094	0.438233663	0.001	0.11	1.991803289871482	0.0051010039898121366	0.11870700000000001	0	600
216	1744406433.9504964	0.438869658	0.001	0.117	1.9945579665683069	0.005103053551200012	0.11930100000000002	0	600
217	1744406434.353584	0.438964436	0.001	0.124	1.9949684772609566	0.005103359167301321	0.11903250000000001	0	600
218	1744406434.7576735	0.439246159	0.001	0.131	1.9961887003492822	0.005104267877821018	0.1188555	0	600
219	1744406435.1578329	0.439735051	0.001	0.138	1.9983062317758877	0.005105845820840494	0.11981800000000001	0	600
220	1744406435.5614772	0.439881335	0.001	0.145	1.9989398297222842	0.005106318211964796	0.11968799999999999	0	600
221	1744406435.9630702	0.440170513	0.001	0.152	2.0001923425530994	0.0051072523806112435	0.11951049999999999	0	600
222	1744406436.3651264	0.440750578	0.001	0.159	2.0027047703837333	0.0051091275737547275	0.11966299999999999	0	600
223	1744406436.769662	0.441274691	0.001	0.166	2.0049748540598675	0.005110823420174722	0.11953100000000001	0	600
224	1744406437.1711135	0.441551304	0.001	0.173	2.006172944273059	0.005111719028557083	0.1194065	0	600
225	1744406437.57411	0.441804568	0.001	0.18	2.00726990327265	0.0051125393927895744	0.11981249999999999	0	600
226	1744406437.9778087	0.442234924	0.001	0.187	2.0091338984998743	0.005113934164087628	0.1197795	0	600
227	1744406438.3799286	0.44250733	0.001	0.194	2.0103137669898397	0.005114817529061119	0.11958450000000001	0	600
228	1744406438.781312	0.442917748	0.001	0.201	2.0120914050224616	0.005116149181593791	0.11983700000000001	0	600
229	1744406439.1854203	0.443475941	0.001	0.209	2.0145090989499783	0.005117961732841956	0.12001449999999998	0	600
230	1744406439.5864055	0.443880645	0.001	0.216	2.0162619880102883	0.005119276903829043	0.119953	0	600
231	1744406439.9915144	0.443943443	0.001	0.223	2.0165339841536656	0.005119481056390222	0.1203445	0	600
232	1744406440.3946147	0.444438084	0.001	0.23	2.0186764161476187	0.00512108982963695	0.12008350000000001	0	600
233	1744406440.8054852	0.444910437	0.001	0.237	2.0207223124231795	0.0051226273131243635	0.1198195	0	600
234	1744406441.1975777	0.445021651	0.001	0.244	2.021204012144342	0.0051229894790539195	0.11993949999999998	0	600
235	1744406441.601936	0.44546967	0.001	0.251	2.023144510888884	0.005124449100286805	0.120197	0	600
236	1744406442.0022452	0.446015813	0.001	0.258	2.0255100128114365	0.005126229827473691	0.1200265	0	600
237	1744406442.4054613	0.446490012	0.001	0.265	2.027563904642281	0.005127777244792817	0.12009750000000001	0	600
238	1744406442.8073256	0.446682989	0.001	0.272	2.0283997433594454	0.0051284073088175685	0.12006100000000001	0	600
239	1744406443.2093189	0.447024215	0.001	0.279	2.0298776910014094	0.005129521878049663	0.11983150000000001	0	600
240	1744406443.6138496	0.447624045	0.001	0.286	2.0324757267140434	0.005131482618007716	0.120228	0	600
241	1744406444.0155387	0.447728218	0.001	0.293	2.032926929845418	0.005131823332968849	0.12091049999999999	0	600
242	1744406444.4175937	0.448013536	0.001	0.3	2.034162723909498	0.005132756802556423	0.12066999999999999	0	600
243	1744406444.8196204	0.448508896	0.001	0.308	2.0363082700986017	0.005134378471441726	0.1206885	0	600
244	1744406445.223471	0.44895441	0.001	0.315	2.0382379189699127	0.005135838051193996	0.1204855	0	600
245	1744406445.6259127	0.449206811	0.001	0.322	2.039331140069065	0.005136665418675419	0.12100549999999999	0	600
246	1744406446.0275307	0.449437572	0.001	0.329	2.0403306321236188	0.005137422140721372	0.120712	0	600
247	1744406446.4296687	0.45005305	0.001	0.336	2.042996443810831	0.005139441799212742	0.12075499999999999	0	600
248	1744406446.833686	0.450083315	0.001	0.343	2.04312753020338	0.005139541163017372	0.12113150000000002	0	600
249	1744406447.2352226	0.45035683	0.001	0.35	2.0443122020903166	0.00514043936307565	0.12122950000000002	0	600
